,index,x,y,z,name
0,1,202,298,22.0, ABaraappp
1,2,220,323,21.0, ABaraappa
2,3,239,320,21.0, ABaraapap
3,4,248,346,22.0, ABaraapaa
4,5,153,319,21.0, ABarapppa
5,6,143,296,21.0, ABarapppp
6,7,182,356,21.0, ABarappaa
7,8,162,333,21.0, ABarappap
8,9,199,322,22.0, ABarapaap
9,10,221,343,22.0, ABarapaaa
10,11,176,312,21.0, ABarapapp
11,12,196,340,22.0, ABarapapa
12,13,179,290,9.0, ABarpaapp
13,14,208,313,9.0, ABarpaapa
14,15,220,329,8.0, ABarpaaa
15,16,189,350,9.0, ABarpapaa
16,17,168,332,9.0, ABarpapap
17,18,152,297,9.0, ABarpappp
18,19,172,318,8.0, ABarpappa
19,20,209,366,17.0, ABalaapap
20,21,221,368,16.0, ABalaapaa
21,22,188,362,12.0, ABalaappp
22,23,259,359,12.0, ABalaaaal
23,24,252,376,17.0, ABalaaaar
24,25,248,376,12.0, ABalaaapa
25,26,206,380,12.0, ABalaappa
26,27,217,371,11.0, ABalaaapp
27,28,233,365,9.0, ABalappaa
28,29,216,350,9.0, ABalappap
29,30,208,340,11.0, ABalapppa
30,31,190,324,12.0, ABalapppp
31,32,277,307,17.0, ABalppaap
32,33,277,325,14.0, ABalppaaa
33,34,247,279,20.0, ABalppapp
34,35,262,300,17.0, ABalppapa
35,36,237,284,16.0, MSapaa
36,37,220,259,16.0, MSapap
37,38,225,263,13.0, ABalppppp
38,39,236,279,10.0, ABalppppa
39,40,250,319,13.0, ABalpppaa
40,41,245,293,12.0, ABalpppap
41,42,236,293,22.0, ABalpappp
42,43,261,307,23.0, ABalpappa
43,44,271,320,21.0, ABalpapap
44,45,254,322,17.0, ABalpaapp
45,46,267,353,16.0, ABalpaapa
46,47,272,343,22.0, ABalpaaap
47,48,283,347,18.0, ABalpapaa
48,49,262,369,20.0, ABalpaaaa
49,50,243,361,9.0, ABalapaaa
50,51,257,338,8.0, ABalapaap
51,52,227,310,12.0, ABalapapp
52,53,246,332,10.0, ABalapapa
53,54,222,370,22.0, ABaraaapa
54,55,200,359,22.0, ABaraaapp
55,56,240,359,23.0, ABaraaaap
56,57,243,375,19.0, ABaraaaaa
58,59,145,346,18.0, ABprpaaaa
59,60,131,323,19.0, ABprpaaap
60,61,128,329,15.0, ABprpaapa
61,62,113,302,16.0, ABprpaapp
62,63,104,290,20.0, ABprpapap
63,64,123,307,21.0, ABprpapaa
64,65,124,282,23.0, ABprpappa
65,66,116,254,21.0, ABprpappp
66,67,104,276,17.0, ABprppaaa
67,68,87,259,20.0, ABprppaap
68,69,108,253,18.0, ABprppapa
69,70,101,224,18.0, ABprppapp
70,71,94,235,23.0, ABprppppa
71,72,95,203,23.0, ABprppppp
72,73,81,239,19.0, ABprpppaa
73,74,79,209,19.0, ABprpppap
74,75,87,229,13.0, ABprappap
75,76,87,261,14.0, ABprappaa
76,77,96,190,15.0, ABprapppp
77,78,84,210,13.0, ABprapppa
78,79,120,234,11.0, ABarpppp
79,80,139,255,9.0, ABarpppap
80,81,152,278,9.0, ABarpppaa
81,82,191,275,7.0, ABarppaaa
82,83,173,257,9.0, ABarppaap
83,84,166,236,10.0, ABarppap
84,85,164,349,17.0, ABpraaaap
85,86,190,365,17.0, ABpraaaaa
86,87,168,361,12.0, ABpraaapa
87,88,147,339,13.0, ABpraaapp
88,89,118,311,10.0, ABpraapap
89,90,145,329,9.0, ABpraapaa
90,91,114,290,12.0, ABpraappp
91,92,144,314,12.0, ABpraappa
92,93,229,228,22.0, ABplpappa
93,94,213,210,21.0, ABplpappp
94,95,233,244,21.0, ABplpapap
95,96,251,254,19.0, ABplpapaa
96,97,270,286,14.0, ABplpaaaa
97,98,257,265,16.0, ABplpaaap
98,99,238,238,12.0, ABplpaapp
99,100,253,264,12.0, ABplpaapa
100,101,199,196,21.0, ABplppppa
101,102,180,178,22.0, ABplppppp
102,103,190,178,18.0, ABplpppap
103,104,216,197,18.0, ABplpppaa
104,105,168,176,16.0, ABplapppp
105,106,199,179,13.0, ABplapppa
106,107,232,232,16.0, ABplppaa
107,108,210,226,13.0, ABplppapa
108,109,202,198,15.0, ABplppapp
109,110,147,255,21.0, MSpapp
110,111,178,284,21.0, MSpapa
111,112,198,338,16.0, MSpaaa
112,113,189,300,17.0, MSpaap
113,114,128,264,17.0, MSpppp
114,115,149,273,17.0, MSpppa
115,116,163,316,17.0, MSppaa
116,117,146,295,17.0, MSppap
117,118,197,249,22.0, MSaapp
118,119,220,277,20.0, MSaapa
119,120,220,308,16.0, MSaaap
120,121,233,343,15.0, MSaaaa
121,122,195,224,18.0, MSappp
122,123,206,246,19.0, MSappa
123,124,200,185,9.0, ABplappap
124,125,217,210,8.0, ABplappaa
125,126,188,196,9.0, ABplapapp
126,127,196,228,8.0, ABplapapa
127,128,199,247,7.0, ABplapaap
128,129,211,285,8.0, ABplaaapp
129,130,225,260,7.0, ABplapaaa
130,131,269,304,11.0, ABplaapaa
131,132,255,279,8.0, ABplaapap
132,133,222,230,9.0, ABplaappp
133,134,247,261,8.0, ABplaappa
134,135,253,311,8.0, ABplaaaap
135,136,271,329,10.0, ABplaaaaa
136,137,237,305,8.0, ABplaaapa
137,138,125,199,19.0, Dpp
138,139,123,232,20.0, Dpa
139,140,145,191,20.0, Dap
140,141,181,215,22.0, Daa
141,142,177,248,18.0, Z3
142,143,149,231,21.0, Z2
143,144,123,248,7.0, Cpaaa
144,145,111,204,8.0, Cpaap
145,146,94,237,9.0, ABprapapp
146,147,98,270,11.0, ABprapapa
147,148,118,271,9.0, ABprapaap
148,149,129,293,7.0, ABprapaaa
149,150,123,156,11.0, Cpapp
150,151,101,184,9.0, Cpapa
151,152,114,170,17.0, Cppp
152,153,106,179,22.0, Cppa
153,154,142,170,15.0, Capp
154,155,160,162,20.0, Capa
155,156,168,210,7.0, Caaaa
156,157,153,183,9.0, Caaap
157,158,149,163,9.0, Caap
158,159,124,205,13.0, Eprp
159,160,149,247,15.0, Epra
160,161,151,195,16.0, Eplp
161,162,175,222,15.0, Epla
162,163,178,307,13.0, Eara
163,164,146,274,14.0, Earp
164,165,201,279,13.0, Eala
165,166,178,252,15.0, Ealp
