,index,x,y,z,name
0,1,205,300,21.0, ABaraappp
1,2,218,324,20.0, ABaraappa
2,3,236,318,20.0, ABaraapap
3,4,246,341,22.0, ABaraapaa
4,5,150,319,21.0, ABarapppa
5,6,146,295,21.0, ABarapppp
6,7,184,354,20.0, ABarappaa
7,8,161,332,21.0, ABarappap
8,9,196,324,21.0, ABarapaap
9,10,221,345,22.0, ABarapaaa
10,11,172,313,21.0, ABarapapp
11,12,195,343,23.0, ABarapapa
12,13,176,289,8.0, ABarpaapp
13,14,211,313,9.0, ABarpaapa
14,15,222,332,8.0, ABarpaaa
15,16,191,346,8.0, ABarpapaa
16,17,163,330,9.0, ABarpapap
17,18,149,296,9.0, ABarpappp
18,19,173,317,8.0, ABarpappa
19,20,201,370,18.0, ABalaapap
20,21,230,375,17.0, ABalaapaa
21,22,188,359,12.0, ABalaappp
22,23,257,355,11.0, ABalaaaal
23,24,261,378,16.0, ABalaaaar
24,25,248,376,12.0, ABalaaapa
25,26,210,383,13.0, ABalaappa
26,27,218,366,13.0, ABalaaapp
27,28,232,367,10.0, ABalappaa
28,29,216,355,8.0, ABalappap
29,30,206,344,10.0, ABalapppa
30,31,187,325,10.0, ABalapppp
31,32,276,299,17.0, ABalppaap
32,33,276,324,15.0, ABalppaaa
33,34,241,268,20.0, ABalppapp
34,35,259,298,18.0, ABalppapa
35,36,235,282,15.0, MSapaa
36,37,217,257,15.0, MSapap
37,38,231,260,12.0, ABalppppp
38,39,237,278,9.0, ABalppppa
39,40,253,312,14.0, ABalpppaa
40,41,248,290,11.0, ABalpppap
41,42,235,296,22.0, ABalpappp
42,43,256,304,22.0, ABalpappa
43,44,269,316,21.0, ABalpapap
44,45,255,320,17.0, ABalpaapp
45,46,268,351,16.0, ABalpaapa
46,47,267,339,21.0, ABalpaaap
47,48,281,342,19.0, ABalpapaa
48,49,266,366,20.0, ABalpaaaa
49,50,242,362,9.0, ABalapaaa
50,51,255,335,8.0, ABalapaap
51,52,230,307,11.0, ABalapapp
52,53,246,331,11.0, ABalapapa
53,54,227,367,21.0, ABaraaapa
54,55,200,360,22.0, ABaraaapp
55,56,238,355,23.0, ABaraaaap
56,57,251,378,19.0, ABaraaaaa
58,59,147,343,18.0, ABprpaaaa
59,60,127,315,20.0, ABprpaaap
60,61,127,328,17.0, ABprpaapa
61,62,113,301,17.0, ABprpaapp
62,63,104,289,20.0, ABprpapap
63,64,126,298,22.0, ABprpapaa
64,65,121,277,22.0, ABprpappa
65,66,115,254,21.0, ABprpappp
66,67,106,275,17.0, ABprppaaa
67,68,87,258,21.0, ABprppaap
68,69,106,250,18.0, ABprppapa
69,70,99,217,18.0, ABprppapp
70,71,98,237,22.0, ABprppppa
71,72,94,207,22.0, ABprppppp
72,73,79,239,19.0, ABprpppaa
73,74,80,206,18.0, ABprpppap
74,75,85,229,13.0, ABprappap
75,76,85,261,15.0, ABprappaa
76,77,93,188,15.0, ABprapppp
77,78,86,207,13.0, ABprapppa
78,79,117,225,11.0, ABarppppp
79,80,125,244,10.0, ABarppppa
80,81,138,256,9.0, ABarpppap
81,82,153,275,7.0, ABarpppaa
82,83,195,278,8.0, ABarppaaa
83,84,179,259,9.0, ABarppaap
84,85,156,223,10.0, ABarppapp
85,86,167,247,8.0, ABarppapa
86,87,166,348,16.0, ABpraaaap
87,88,185,365,17.0, ABpraaaaa
88,89,169,361,12.0, ABpraaapa
89,90,144,338,14.0, ABpraaapp
90,91,116,313,11.0, ABpraapap
91,92,143,331,9.0, ABpraapaa
92,93,116,290,11.0, ABpraappp
93,94,145,316,12.0, ABpraappa
94,95,225,227,21.0, ABplpappa
95,96,208,213,21.0, ABplpappp
96,97,227,246,21.0, ABplpapap
97,98,251,249,21.0, ABplpapaa
98,99,268,280,14.0, ABplpaaaa
99,100,256,260,17.0, ABplpaaap
100,101,237,233,12.0, ABplpaapp
101,102,253,261,12.0, ABplpaapa
102,103,198,196,21.0, ABplppppa
103,104,177,178,22.0, ABplppppp
104,105,192,175,19.0, ABplpppap
105,106,216,192,18.0, ABplpppaa
106,107,170,171,15.0, ABplapppp
107,108,200,176,13.0, ABplapppa
108,109,222,213,16.0, ABplppaap
109,110,234,236,17.0, ABplppaaa
110,111,208,224,13.0, ABplppapa
111,112,201,197,15.0, ABplppapp
112,113,142,253,22.0, MSpapp
113,114,168,266,20.0, MSpapap
114,115,185,292,20.0, MSpapaa
115,116,211,350,16.0, MSpaaaa
116,117,188,332,16.0, MSpaaap
117,118,186,302,16.0, MSpaap
118,119,128,265,17.0, MSpppp
119,120,148,274,16.0, MSpppa
120,121,163,318,17.0, MSppaa
121,122,148,298,17.0, MSppap
122,123,203,246,19.0, MSappa
123,124,191,253,23.0, MSaapp
124,125,222,283,19.0, MSaapaa
125,126,206,267,20.0, MSaapap
126,127,217,307,15.0, MSaaap
127,128,224,329,13.0, MSaaaap
128,129,240,354,16.0, MSaaaaa
129,130,193,225,18.0, MSappp
130,131,203,187,9.0, ABplappap
131,132,215,211,8.0, ABplappaa
132,133,188,195,9.0, ABplapapp
133,134,190,227,8.0, ABplapapa
134,135,195,245,7.0, ABplapaap
135,136,213,285,8.0, ABplaaapp
136,137,225,259,7.0, ABplapaaa
137,138,265,303,11.0, ABplaapaa
138,139,256,277,8.0, ABplaapap
139,140,217,233,9.0, ABplaappp
140,141,248,258,8.0, ABplaappa
141,142,257,310,7.0, ABplaaaap
142,143,269,326,11.0, ABplaaaaa
143,144,239,303,7.0, ABplaaapa
144,145,127,197,18.0, Dpp
145,146,123,230,19.0, Dpa
146,147,148,192,19.0, Dap
147,148,179,215,21.0, Daa
148,149,175,242,18.0, Z3
149,150,148,228,21.0, Z2
150,151,117,249,7.0, Cpaaa
151,152,112,206,7.0, Cpaap
152,153,91,238,9.0, ABprapapp
153,154,100,266,12.0, ABprapapa
154,155,118,273,8.0, ABprapaap
155,156,128,294,7.0, ABprapaaa
156,157,121,155,11.0, Cpapp
157,158,107,183,9.0, Cpapa
158,159,110,169,17.0, Cppp
159,160,108,184,23.0, Cppa
160,161,143,167,15.0, Capp
161,162,157,163,22.0, Capa
162,163,168,209,7.0, Caaaa
163,164,160,178,9.0, Caaap
164,165,148,159,9.0, Caap
165,166,126,202,12.0, Eprp
166,167,148,246,14.0, Epra
167,168,158,194,14.0, Eplp
168,169,176,224,13.0, Epla
169,170,176,305,12.0, Eara
170,171,147,275,14.0, Earp
171,172,204,281,12.0, Eala
172,173,180,251,14.0, Ealp
