,index,x,y,z,name
0,1,197,311,18.0, ABaraappp
1,2,214,334,18.0, ABaraappa
2,3,234,319,17.0, ABaraapap
3,4,240,345,17.0, ABaraapaa
4,5,165,325,22.0, ABarappaa
5,6,141,319,20.0, ABarapppp
6,7,148,311,23.0, ABarappap
7,8,196,326,21.0, ABarapaap
8,9,215,335,22.0, ABarapaaa
9,10,173,294,20.0, ABarapapp
10,11,184,312,22.0, ABarapapa
11,12,177,280,8.0, ABarpaapp
12,13,204,304,8.0, ABarpaapa
13,14,227,332,8.0, ABarpaaaa
14,15,211,327,7.0, ABarpaaap
15,16,193,339,7.0, ABarpapaa
16,17,176,321,7.0, ABarpapap
17,18,148,300,9.0, ABarpappp
18,19,169,306,8.0, ABarpappa
19,20,196,374,17.0, ABalaapap
20,21,210,372,18.0, ABalaapaa
21,22,193,369,12.0, ABalaappp
22,23,274,345,16.0, ABalaaaal
23,24,260,369,17.0, ABalaaaar
24,25,258,368,12.0, ABalaaapa
25,26,211,378,13.0, ABalaappa
26,27,234,376,12.0, ABalaaapp
27,28,248,363,8.0, ABalappaa
28,29,228,364,9.0, ABalappap
29,30,214,351,9.0, ABalapppa
30,31,183,325,11.0, ABalapppp
31,32,275,295,18.0, ABalppaap
32,33,280,308,16.0, ABalppaaa
33,34,241,271,22.0, ABalppapp
34,35,262,288,22.0, ABalppapa
35,36,260,308,15.0, MSapaaa
36,37,241,286,17.0, MSapaap
37,38,234,273,16.0, MSapapa
38,39,220,246,14.0, MSapapp
39,40,242,255,13.0, ABalppppp
40,41,253,276,13.0, ABalppppa
41,42,276,304,12.0, ABalpppaa
42,43,271,285,14.0, ABalpppap
43,44,198,294,21.0, ABalpapppp
44,45,217,312,21.0, ABalpapppa
45,46,225,297,22.0, ABalpappap
46,47,241,319,21.0, ABalpappaa
47,48,245,296,20.0, ABalpapap
48,49,272,319,18.0, ABalpaapp
49,50,258,333,20.0, ABalpaapap
50,51,262,353,19.0, ABalpaapaa
51,52,235,334,21.0, ABalpaaap
52,53,259,316,22.0, ABalpapaa
53,54,249,354,23.0, ABalpaaaa
54,55,259,346,10.0, ABalapaaa
55,56,264,326,11.0, ABalapaap
56,57,238,294,11.0, ABalapapp
57,58,253,327,9.0, ABalapapa
58,59,226,359,22.0, ABaraaapa
59,60,197,353,22.0, ABaraaapp
60,61,226,353,18.0, ABaraaaap
61,62,241,370,19.0, ABaraaaaa
63,64,148,339,20.0, ABprpaaaa
64,65,125,325,19.0, ABprpaaap
65,66,137,335,16.0, ABprpaapa
66,67,117,315,16.0, ABprpaapp
67,68,125,286,22.0, ABprpapap
68,69,134,297,20.0, ABprpapaa
69,70,148,282,22.0, ABprpappa
70,71,133,268,23.0, ABprpappp
71,72,114,300,18.0, ABprppaaa
72,73,103,288,21.0, ABprppaap
73,74,105,280,17.0, ABprppapa
74,75,95,258,17.0, ABprppapp
75,76,105,263,22.0, ABprppppa
76,77,111,237,23.0, ABprppppp
77,78,87,255,21.0, ABprpppaa
78,79,90,236,22.0, ABprpppap
79,80,84,243,14.0, ABprappap
80,81,90,264,13.0, ABprappaa
81,82,104,206,19.0, Cpppa
82,83,89,222,20.0, ABprapppp
83,84,89,237,17.0, ABprapppa
84,85,110,227,9.0, ABarppppp
85,86,119,251,8.0, ABarppppa
86,87,131,267,8.0, ABarpppap
87,88,149,279,8.0, ABarpppaa
88,89,192,258,7.0, ABarppaaa
89,90,180,231,8.0, ABarppaap
90,91,158,183,8.0, ABarppapp
91,92,175,209,7.0, ABarppapa
92,93,163,359,17.0, ABpraaaap
93,94,179,370,17.0, ABpraaaaa
94,95,177,355,14.0, ABpraaapa
95,96,149,336,12.0, ABpraaappp
96,97,166,338,15.0, ABpraaappa
97,98,148,322,9.0, ABpraapap
98,99,166,348,9.0, ABpraapaa
99,100,113,297,12.0, ABpraappp
100,101,129,322,11.0, ABpraappa
101,102,214,246,21.0, ABplpappa
102,103,199,229,22.0, ABplpappp
103,104,229,230,22.0, ABplpapap
104,105,234,252,21.0, ABplpapaa
105,106,263,276,19.0, ABplpaaaa
106,107,254,257,20.0, ABplpaaap
107,108,239,234,16.0, ABplpaapp
108,109,255,265,16.0, ABplpaapa
109,110,203,207,21.0, ABplppppa
110,111,182,196,23.0, ABplppppp
111,112,192,175,21.0, ABplpppap
112,113,210,190,19.0, ABplpppaa
113,114,173,161,19.0, ABplapppp
114,115,186,176,16.0, ABplapppa
115,116,220,216,18.0, ABplppaap
116,117,235,225,18.0, ABplppaaa
117,118,217,207,16.0, ABplppapa
118,119,194,192,17.0, ABplppapp
119,120,153,245,21.0, MSpappp
120,121,171,266,21.0, MSpapap
121,122,188,280,17.0, MSpapaa
122,123,215,357,14.0, MSpaaaa
123,124,194,340,14.0, MSpaaap
124,125,205,324,14.0, MSpaapa
125,126,201,305,14.0, MSpaapp
126,127,134,292,15.0, MSppppa
127,128,129,265,14.0, MSppppp
128,129,146,272,18.0, MSpppap
129,130,160,302,17.0, MSpppaa
130,131,186,346,18.0, MSppaaa
131,132,174,322,17.0, MSppaap
132,133,164,317,15.0, MSppapa
133,134,142,302,13.0, MSppapp
134,135,198,240,18.0, MSappap
135,136,219,261,17.0, MSappaa
136,137,180,238,21.0, MSaappp
137,138,192,255,22.0, MSaappa
138,139,215,285,18.0, MSaapaa
139,140,199,264,20.0, MSaapap
140,141,231,309,13.0, MSaaapa
141,142,216,292,15.0, MSaaapp
142,143,235,334,12.0, MSaaaap
143,144,242,356,12.0, MSaaaaa
144,145,189,216,13.0, MSapppp
145,146,208,232,14.0, MSapppa
146,147,190,178,12.0, ABplappap
147,148,206,189,14.0, ABplappaa
148,149,169,165,13.0, ABplapapp
149,150,179,179,8.0, ABplapapa
150,151,200,210,8.0, ABplapaap
151,152,212,262,8.0, ABplaaapp
152,153,214,238,8.0, ABplapaaa
153,154,256,293,9.0, ABplaapaa
154,155,245,269,8.0, ABplaapap
155,156,215,204,11.0, ABplaapppp
156,157,227,231,11.0, ABplaapppa
157,158,239,243,8.0, ABplaappa
158,159,227,303,7.0, ABplaaaap
159,160,245,312,7.0, ABplaaaaa
160,161,219,282,7.0, ABplaaapa
161,162,117,222,16.0, Dppp
162,163,118,250,15.0, Dppa
163,164,133,256,18.0, Dpa
164,165,153,194,18.0, Dapp
165,166,174,206,16.0, Dapa
166,167,189,218,17.0, Daa
167,168,170,240,17.0, Z3
168,169,151,219,18.0, Z2
169,170,146,240,8.0, Cpaaa
170,171,98,191,11.0, Cpaapp
171,172,106,206,8.0, Cpaapa
172,173,82,215,14.0, ABprapapp
173,174,94,244,9.0, ABprapapa
174,175,108,275,9.0, ABprapaap
175,176,126,294,8.0, ABprapaaa
176,177,98,173,22.0, Cpapp
177,178,91,182,16.0, Cpapa
178,179,110,191,22.0, Cpppp
179,180,128,202,20.0, Cppap
180,181,128,231,21.0, Cppaa
181,182,125,174,18.0, Cappp
182,183,158,169,18.0, Cappa
183,184,165,203,21.0, Capaa
184,185,139,179,23.0, Capap
185,186,130,185,8.0, Caaaa
186,187,120,161,11.0, Caaap
187,188,121,157,20.0, Caapp
188,189,145,150,15.0, Caapa
189,190,134,208,11.0, Eprp
190,191,146,239,12.0, Epra
191,192,137,190,13.0, Eplp
192,193,163,218,12.0, Epla
193,194,181,299,13.0, Eara
194,195,153,264,14.0, Earp
195,196,210,276,12.0, Eala
196,197,189,248,14.0, Ealp
244,245,161,330,21.666666, ABarapppa
245,246,165,264,22.5, MSpappa
