,index,x,y,z,name
0,1,198,311,18.0, ABaraappp
1,2,215,335,18.0, ABaraappa
2,3,233,319,17.0, ABaraapap
3,4,244,345,17.0, ABaraapaa
4,5,162,331,22.0, ABarapppa
5,6,169,322,23.0, ABarappaa
6,7,144,318,21.0, ABarapppp
7,8,150,310,23.0, ABarappap
8,9,200,327,22.0, ABarapaap
9,10,216,338,23.0, ABarapaaa
10,11,175,291,20.0, ABarapapp
11,12,186,313,23.0, ABarapapa
12,13,175,268,9.0, ABarpaappp
13,14,180,284,9.0, ABarpaappa
14,15,201,306,9.0, ABarpaapa
15,16,226,332,8.0, ABarpaaaa
16,17,210,326,8.0, ABarpaaap
17,18,192,339,8.0, ABarpapaa
18,19,178,318,8.0, ABarpapap
19,20,149,298,9.0, ABarpappp
20,21,167,306,8.0, ABarpappa
21,22,196,372,17.0, ABalaapap
22,23,214,374,18.0, ABalaapaa
23,24,193,370,13.0, ABalaappp
24,25,272,343,16.0, ABalaaaal
25,26,260,370,17.0, ABalaaaar
26,27,256,370,12.0, ABalaaapa
27,28,212,378,14.0, ABalaappa
28,29,234,375,11.0, ABalaaapp
29,30,247,361,8.0, ABalappaa
30,31,226,363,9.0, ABalappap
31,32,210,351,9.0, ABalapppa
32,33,183,326,11.0, ABalapppp
33,34,275,295,18.0, ABalppaap
34,35,280,310,16.0, ABalppaaa
35,36,245,269,22.0, ABalppapp
36,37,261,288,22.0, ABalppapa
37,38,259,307,15.0, MSapaaa
38,39,240,288,17.0, MSapaap
39,40,236,273,17.0, MSapapa
40,41,220,244,14.0, MSapapp
41,42,251,263,13.0, ABalpppppa
42,43,239,245,13.0, ABalpppppp
43,44,254,279,13.0, ABalppppa
44,45,274,306,12.0, ABalpppaa
45,46,273,287,14.0, ABalpppap
46,47,203,292,22.0, ABalpapppp
47,48,219,314,21.0, ABalpapppa
48,49,226,295,23.0, ABalpappap
49,50,240,317,21.0, ABalpappaa
50,51,242,294,20.0, ABalpapap
51,52,271,316,18.0, ABalpaapp
52,53,258,332,20.0, ABalpaapap
53,54,264,355,18.0, ABalpaapaa
54,55,237,336,21.0, ABalpaaap
55,56,257,316,24.0, ABalpapaa
56,57,252,352,23.0, ABalpaaaa
57,58,261,344,10.0, ABalapaaa
58,59,266,325,11.0, ABalapaap
59,60,236,290,11.0, ABalapapp
60,61,252,327,9.0, ABalapapa
61,62,226,357,21.0, ABaraaapa
62,63,199,355,23.0, ABaraaapp
63,64,228,356,17.0, ABaraaaap
64,65,243,371,19.0, ABaraaaaa
66,67,150,336,20.0, ABprpaaaa
67,68,126,323,19.0, ABprpaaap
68,69,137,334,17.0, ABprpaapa
69,70,117,315,17.0, ABprpaapp
70,71,127,284,23.0, ABprpapap
71,72,134,296,20.0, ABprpapaa
72,73,150,282,23.0, ABprpappa
73,74,132,263,23.0, ABprpappp
74,75,115,299,19.0, ABprppaaa
75,76,104,285,21.0, ABprppaap
76,77,103,281,17.0, ABprppapa
77,78,94,260,17.0, ABprppapp
78,79,106,263,21.0, ABprppppa
79,80,111,238,23.0, ABprppppp
80,81,86,255,21.0, ABprpppaa
81,82,89,235,23.0, ABprpppap
82,83,83,244,14.0, ABprappap
83,84,90,266,13.0, ABprappaa
84,85,103,210,20.0, Cpppa
85,86,83,222,20.0, ABprapppp
86,87,87,237,17.0, ABprapppa
87,88,112,228,9.0, ABarppppp
88,89,119,253,8.0, ABarppppa
89,90,130,269,8.0, ABarpppap
90,91,151,279,8.0, ABarpppaa
91,92,190,254,8.0, ABarppaaa
92,93,179,229,8.0, ABarppaap
93,94,156,180,9.0, ABarppapp
94,95,173,207,8.0, ABarppapa
95,96,162,357,18.0, ABpraaaap
96,97,177,369,17.0, ABpraaaaa
97,98,176,356,13.0, ABpraaapa
98,99,145,335,13.0, ABpraaappp
99,100,169,340,15.0, ABpraaappa
100,101,149,321,9.0, ABpraapap
101,102,167,347,9.0, ABpraapaa
102,103,117,305,12.0, ABpraapppa
103,104,111,290,13.0, ABpraapppp
104,105,129,322,12.0, ABpraappa
105,106,222,257,21.0, ABplpappaa
106,107,206,244,22.0, ABplpappap
107,108,199,228,22.0, ABplpappp
108,109,224,231,22.0, ABplpapap
109,110,239,249,21.0, ABplpapaa
110,111,262,278,19.0, ABplpaaaa
111,112,254,255,20.0, ABplpaaap
112,113,234,227,16.0, ABplpaapp
113,114,257,266,17.0, ABplpaapa
114,115,207,209,21.0, ABplppppa
115,116,184,195,23.0, ABplppppp
116,117,189,175,21.0, ABplpppap
117,118,208,188,20.0, ABplpppaa
118,119,171,161,20.0, ABplapppp
119,120,185,176,17.0, ABplapppa
120,121,219,218,19.0, ABplppaap
121,122,236,223,19.0, ABplppaaa
122,123,217,205,16.0, ABplppapa
123,124,194,192,18.0, ABplppapp
124,125,152,244,21.0, MSpappp
126,127,174,266,20.0, MSpapap
127,128,190,280,18.0, MSpapaa
128,129,216,356,14.0, MSpaaaa
129,130,196,340,14.0, MSpaaap
130,131,205,323,14.0, MSpaapa
131,132,202,304,14.0, MSpaapp
132,133,136,291,15.0, MSppppa
133,134,129,267,14.0, MSppppp
134,135,146,273,18.0, MSpppap
135,136,160,303,18.0, MSpppaa
136,137,189,350,18.0, MSppaaa
137,138,176,325,18.0, MSppaap
138,139,163,320,15.0, MSppapa
139,140,143,303,14.0, MSppapp
140,141,201,240,18.0, MSappap
141,142,220,260,17.0, MSappaa
142,143,181,239,22.0, MSaappp
143,144,193,258,23.0, MSaappa
144,145,216,287,17.0, MSaapaa
145,146,200,265,20.0, MSaapap
146,147,229,309,13.0, MSaaapa
147,148,218,291,15.0, MSaaapp
148,149,234,333,13.0, MSaaaap
149,150,244,355,12.0, MSaaaaa
150,151,190,215,13.0, MSapppp
151,152,208,230,14.0, MSapppa
152,153,189,173,13.0, ABplappap
153,154,205,187,15.0, ABplappaa
154,155,167,166,14.0, ABplapapp
155,156,178,177,8.0, ABplapapa
156,157,197,207,8.0, ABplapaap
157,158,212,260,8.0, ABplaaapp
158,159,212,235,8.0, ABplapaaa
159,160,255,293,9.0, ABplaapaa
160,161,242,264,8.0, ABplaapap
161,162,214,200,11.0, ABplaapppp
162,163,228,228,11.0, ABplaapppa
163,164,238,242,8.0, ABplaappa
164,165,225,302,8.0, ABplaaaap
165,166,242,313,8.0, ABplaaaaa
166,167,217,280,7.0, ABplaaapa
167,168,116,222,17.0, Dppp
168,169,117,251,15.0, Dppa
169,170,131,258,18.0, Dpa
170,171,152,193,18.0, Dapp
171,172,173,206,16.0, Dapa
172,173,188,216,17.0, Daa
173,174,171,241,18.0, Z3
174,175,150,221,19.0, Z2
175,176,145,241,8.0, Cpaaa
176,177,98,188,12.0, Cpaapp
177,178,107,208,8.0, Cpaapa
178,179,85,214,14.0, ABprapapp
179,180,93,240,10.0, ABprapapa
180,181,107,274,9.0, ABprapaap
181,182,128,292,9.0, ABprapaaa
182,183,98,175,23.0, Cpapp
183,184,88,183,17.0, Cpapa
184,185,109,194,22.0, Cpppp
185,186,127,203,20.0, Cppap
186,187,129,231,21.0, Cppaa
187,188,124,174,19.0, Cappp
188,189,157,169,19.0, Cappa
189,190,166,206,22.0, Capaa
190,191,140,184,22.0, Capap
191,192,131,186,8.0, Caaaa
192,193,120,163,12.0, Caaap
193,194,118,158,20.0, Caapp
194,195,141,150,15.0, Caapa
195,196,133,210,12.0, Eprp
196,197,148,240,12.0, Epra
197,198,138,192,13.0, Eplp
198,199,163,218,12.0, Epla
199,200,178,299,13.0, Eara
200,201,154,263,15.0, Earp
201,202,209,275,12.0, Eala
202,203,190,246,13.0, Ealp
250,251,165,263,22.75, MSpappa
