,index,x,y,z,name
0,1,199,313,18.0, ABaraappp
1,2,216,337,19.0, ABaraappa
2,3,223,311,19.0, ABaraapapp
3,4,241,328,17.0, ABaraapapa
4,5,244,347,17.0, ABaraapaa
5,6,161,331,22.0, ABarapppa
6,7,168,317,23.0, ABarappaa
7,8,143,320,21.0, ABarapppp
8,9,148,307,24.0, ABarappap
9,10,196,329,22.0, ABarapaap
10,11,213,336,22.0, ABarapaaa
11,12,171,281,22.0, ABarapappp
12,13,180,299,19.0, ABarapappa
13,14,184,312,22.0, ABarapapa
14,15,169,262,9.0, ABarpaappp
15,16,182,287,9.0, ABarpaappa
16,17,192,298,9.0, ABarpaapap
17,18,207,311,10.0, ABarpaapaa
18,19,227,333,8.0, ABarpaaaa
19,20,212,328,8.0, ABarpaaap
20,21,191,340,8.0, ABarpapaa
21,22,179,320,8.0, ABarpapap
22,23,147,296,9.0, ABarpappp
23,24,165,307,8.0, ABarpappa
24,25,197,373,18.0, ABalaapap
25,26,217,377,18.0, ABalaapaa
26,27,194,370,13.0, ABalaappp
27,28,274,342,17.0, ABalaaaal
28,29,261,372,17.0, ABalaaaar
29,30,257,370,12.0, ABalaaapa
30,31,212,378,14.0, ABalaappa
31,32,235,375,11.0, ABalaaapp
32,33,250,358,8.0, ABalappaa
33,34,226,362,9.0, ABalappap
34,35,209,352,10.0, ABalapppa
35,36,185,324,11.0, ABalapppp
36,37,277,295,18.0, ABalppaap
37,38,281,311,16.0, ABalppaaa
38,39,251,269,23.0, ABalppapp
39,40,262,290,22.0, ABalppapa
40,41,261,307,15.0, MSapaaa
41,42,241,290,17.0, MSapaap
42,43,236,273,16.0, MSapapa
43,44,220,246,14.0, MSapapp
44,45,252,264,13.0, ABalpppppa
45,46,237,245,13.0, ABalpppppp
46,47,254,281,13.0, ABalppppa
47,48,272,306,12.0, ABalpppaa
48,49,272,288,14.0, ABalpppap
49,50,199,293,22.0, ABalpapppp
50,51,217,313,22.0, ABalpapppa
51,52,226,294,23.0, ABalpappap
52,53,237,316,21.0, ABalpappaa
53,54,241,291,20.0, ABalpapap
54,55,271,315,19.0, ABalpaapp
55,56,259,333,21.0, ABalpaapap
56,57,266,357,19.0, ABalpaapaa
57,58,236,335,22.0, ABalpaaap
58,59,255,315,22.0, ABalpapaa
59,60,250,354,23.0, ABalpaaaa
60,61,264,344,10.0, ABalapaaa
61,62,268,326,11.0, ABalapaap
62,63,236,292,12.0, ABalapapp
63,64,253,329,9.0, ABalapapa
64,65,236,370,21.0, ABaraaapaa
65,66,219,351,22.0, ABaraaapap
66,67,198,357,23.0, ABaraaapp
67,68,228,356,18.0, ABaraaaap
68,69,245,371,19.0, ABaraaaaa
70,71,152,337,20.0, ABprpaaaa
71,72,124,321,19.0, ABprpaaap
72,73,137,335,17.0, ABprpaapa
73,74,115,314,17.0, ABprpaapp
74,75,126,283,23.0, ABprpapap
75,76,133,296,20.0, ABprpapaa
76,77,146,283,22.0, ABprpappa
77,78,131,260,23.0, ABprpappp
78,79,114,300,19.0, ABprppaaa
79,80,104,286,21.0, ABprppaap
80,81,102,282,18.0, ABprppapa
81,82,92,260,17.0, ABprppapp
82,83,106,262,22.0, ABprppppa
83,84,112,235,23.0, ABprppppp
84,85,87,252,21.0, ABprpppaa
85,86,91,232,24.0, ABprpppap
86,87,82,242,14.0, ABprappap
87,88,89,263,13.0, ABprappaa
88,89,103,210,20.0, Cpppa
89,90,83,222,20.0, ABprapppp
90,91,87,238,17.0, ABprapppa
91,92,113,227,9.0, ABarppppp
92,93,118,250,8.0, ABarppppa
93,94,131,268,8.0, ABarpppap
94,95,154,278,8.0, ABarpppaa
95,96,189,253,8.0, ABarppaaa
96,97,180,227,8.0, ABarppaap
97,98,156,180,9.0, ABarppapp
98,99,175,204,8.0, ABarppapa
99,100,162,358,17.0, ABpraaaap
100,101,179,370,17.0, ABpraaaaa
101,102,179,356,14.0, ABpraaapa
102,103,148,338,13.0, ABpraaappp
103,104,172,339,16.0, ABpraaappa
104,105,150,321,9.0, ABpraapap
105,106,166,344,9.0, ABpraapaa
106,107,119,309,12.0, ABpraapppa
107,108,105,282,12.0, ABpraapppp
108,109,133,325,13.0, ABpraappa
109,110,222,259,21.0, ABplpappaa
110,111,204,243,22.0, ABplpappap
111,112,198,229,22.0, ABplpappp
112,113,223,233,22.0, ABplpapap
113,114,239,247,21.0, ABplpapaa
114,115,261,279,19.0, ABplpaaaa
115,116,253,255,19.0, ABplpaaap
116,117,236,230,16.0, ABplpaapp
117,118,256,262,16.0, ABplpaapa
118,119,207,209,22.0, ABplppppa
119,120,183,198,23.0, ABplppppp
120,121,191,176,22.0, ABplpppap
121,122,210,190,20.0, ABplpppaa
122,123,174,162,21.0, ABplapppp
123,124,185,177,17.0, ABplapppa
124,125,221,220,19.0, ABplppaap
125,126,237,226,19.0, ABplppaaa
126,127,218,207,17.0, ABplppapa
127,128,195,192,18.0, ABplppapp
128,129,151,246,21.0, MSpappp
129,130,164,262,23.0, MSpappa
130,131,176,264,20.0, MSpapap
131,132,188,282,18.0, MSpapaa
132,133,217,356,14.0, MSpaaaa
133,134,198,340,14.0, MSpaaap
134,135,210,322,14.0, MSpaapa
135,136,201,303,14.0, MSpaapp
136,137,134,292,15.0, MSppppa
137,138,130,269,14.0, MSppppp
138,139,144,277,18.0, MSpppap
139,140,160,304,18.0, MSpppaa
140,141,190,350,18.0, MSppaaa
141,142,177,324,18.0, MSppaap
142,143,165,321,15.0, MSppapa
143,144,144,305,14.0, MSppapp
144,145,204,241,19.0, MSappap
145,146,221,263,17.0, MSappaa
146,147,180,239,21.0, MSaappp
147,148,193,255,23.0, MSaappa
148,149,214,285,18.0, MSaapaa
149,150,200,263,20.0, MSaapap
150,151,234,310,14.0, MSaaapa
151,152,216,291,15.0, MSaaapp
152,153,236,334,13.0, MSaaaap
153,154,245,355,12.0, MSaaaaa
154,155,190,215,12.0, MSapppp
155,156,210,232,15.0, MSapppa
156,157,190,176,13.0, ABplappap
157,158,206,189,15.0, ABplappaa
158,159,162,163,16.0, ABplapappp
159,160,178,176,9.0, ABplapapa
160,161,198,203,8.0, ABplapaap
161,162,210,263,8.0, ABplaaapp
162,163,213,233,8.0, ABplapaaa
163,164,253,293,9.0, ABplaapaa
164,165,253,273,9.0, ABplaapapa
165,166,233,261,8.0, ABplaapapp
166,167,216,202,12.0, ABplaapppp
167,168,229,228,11.0, ABplaapppa
168,169,241,244,8.0, ABplaappa
169,170,224,303,8.0, ABplaaaap
170,171,243,314,8.0, ABplaaaaa
171,172,219,283,8.0, ABplaaapa
172,173,113,220,17.0, Dppp
173,174,116,250,15.0, Dppa
174,175,128,257,17.0, Dpa
175,176,155,192,18.0, Dapp
176,177,176,206,16.0, Dapa
177,178,181,212,19.0, Daap
178,179,192,220,16.0, Daaa
179,180,172,240,18.0, Z3
180,181,150,222,19.0, Z2
181,182,147,239,8.0, Cpaaa
182,183,99,183,12.0, Cpaapp
183,184,108,204,8.0, Cpaapa
184,185,85,210,15.0, ABprapapp
185,186,93,235,10.0, ABprapapa
186,187,109,272,9.0, ABprapaap
187,188,125,292,9.0, ABprapaaa
188,189,98,175,23.0, Cpapp
189,190,89,181,17.0, Cpapa
190,191,110,194,22.0, Cpppp
191,192,126,203,19.0, Cppap
192,193,129,232,21.0, Cppaa
193,194,125,173,21.0, Cappp
194,195,157,168,19.0, Cappa
195,196,166,206,21.0, Capaa
196,197,141,185,22.0, Capap
197,198,134,187,8.0, Caaaa
198,199,121,162,12.0, Caaap
199,200,121,158,21.0, Caapp
200,201,142,150,16.0, Caapa
201,202,130,208,12.0, Eprp
202,203,147,240,13.0, Epra
203,204,139,192,14.0, Eplp
204,205,165,218,12.0, Epla
205,206,177,298,14.0, Eara
206,207,155,264,15.0, Earp
207,208,208,276,12.0, Eala
208,209,193,248,14.0, Ealp
244,245,171,167,13.5, ABplapappa
