,index,x,y,z,name
0,1,213,317,19.0, ABaraapppa
1,2,202,304,16.0, ABaraapppp
2,3,224,355,19.0, ABaraappaa
3,4,224,331,18.0, ABaraappap
4,5,228,306,17.0, ABaraapapp
5,6,253,332,16.0, ABaraapapa
6,7,261,354,19.0, ABaraapaaa
7,8,244,341,18.0, ABaraapaap
8,9,184,346,24.0, ABarapppaa
10,11,169,309,22.0, ABarappaa
11,12,170,324,21.0, ABarappppa
12,13,146,309,18.0, ABarappppp
13,14,150,323,23.0, ABarappapa
14,15,140,301,23.0, ABarappapp
15,16,198,309,22.0, ABarapaapp
16,17,214,331,21.0, ABarapaapa
17,18,222,323,22.0, ABarapaaa
18,19,179,284,21.0, ABarapappp
19,20,183,308,19.0, ABarapappa
20,21,188,294,23.0, ABarapapap
21,22,187,323,22.0, ABarapapaa
22,23,171,253,8.0, ABarpaappp
23,24,176,284,8.0, ABarpaappa
24,25,184,297,8.0, ABarpaapap
25,26,208,317,9.0, ABarpaapaa
26,27,228,343,8.0, ABarpaaaa
27,28,215,332,8.0, ABarpaaap
28,29,200,351,8.0, ABarpapaa
29,30,183,317,8.0, ABarpapapp
30,31,198,336,9.0, ABarpapapa
31,32,143,295,9.0, ABarpapppp
32,33,165,312,11.0, ABarpapppa
33,34,169,327,8.0, ABarpappa
34,35,198,366,21.0, ABalaapap
35,36,216,373,21.0, ABalaapaa
36,37,198,366,13.0, ABalaapppp
37,38,217,368,15.0, ABalaapppa
38,39,278,336,17.0, ABalaaaalp
39,40,274,348,17.0, ABalaaaala
40,41,250,376,17.0, ABalaaaarr
41,42,257,372,18.0, ABalaaaarl
42,43,257,378,13.0, ABalaaapar
43,44,273,364,17.0, ABalaaapal
44,45,215,379,19.0, ABalaappa
45,46,223,384,16.0, ABalaaappr
46,47,246,381,14.0, ABalaaappl
47,48,248,368,10.0, ABalappaa
48,49,226,376,12.0, ABalappap
49,50,230,363,8.0, ABalapppaa
50,51,212,356,11.0, ABalapppap
51,52,181,325,12.0, ABalappppp
52,53,191,348,13.0, ABalappppa
53,54,277,306,19.0, ABalppapaa
54,55,282,305,16.0, ABalppaap
55,56,282,321,14.0, ABalppaaa
56,57,245,262,21.0, ABalppappp
57,58,255,282,23.0, ABalppappa
58,59,270,286,22.0, ABalppapap
59,60,264,320,15.0, MSapaaa
60,61,246,295,17.0, MSapaap
61,62,243,279,16.0, MSapapa
62,63,226,254,13.0, MSapapp
63,64,250,271,12.0, ABalpppppa
64,65,238,256,12.0, ABalpppppp
65,66,248,284,10.0, ABalppppap
66,67,262,299,13.0, ABalppppaa
67,68,273,311,11.0, ABalpppaa
68,69,278,293,12.0, ABalpppapa
69,70,263,278,12.0, ABalpppapp
70,71,211,280,21.0, ABalpapppp
71,72,219,300,22.0, ABalpapppa
72,73,237,292,21.0, ABalpappap
73,74,236,307,22.0, ABalpappaa
74,75,257,299,22.0, ABalpapapa
75,76,241,277,21.0, ABalpapapp
76,77,282,331,21.0, ABalpaappa
77,78,269,314,18.0, ABalpaappp
78,79,266,331,21.0, ABalpaapap
79,80,267,363,22.0, ABalpaapaa
80,81,243,321,21.0, ABalpaaap
81,82,272,313,23.0, ABalpapaaa
83,84,256,343,24.0, ABalpaaaa
84,85,263,357,12.0, ABalapaaa
85,86,272,330,10.0, ABalapaapp
86,87,267,341,13.0, ABalapaapa
87,88,251,306,11.0, ABalapappa
88,89,228,284,11.0, ABalapappp
89,90,255,344,8.0, ABalapapa
90,91,234,361,24.0, ABaraaapaa
91,92,228,341,22.0, ABaraaapap
92,93,212,354,23.0, ABaraaappa
93,94,242,359,19.0, ABaraaaap
94,95,244,371,22.0, ABaraaaaa
96,97,171,348,21.0, ABprpaaaaa
97,98,157,337,21.0, ABprpaaaap
98,99,145,339,21.0, ABprpaaapa
99,100,131,324,19.0, ABprpaaapp
100,101,147,341,17.0, ABprpaapa
101,102,132,331,16.0, ABprpaappa
102,103,112,311,16.0, ABprpaappp
103,104,136,290,22.0, ABprpapapa
104,105,130,263,22.0, ABprpapapp
105,106,136,293,18.0, ABprpapaa
106,107,158,274,23.0, ABprpappap
107,108,161,294,22.0, ABprpappaa
108,109,154,259,23.0, ABprpapppa
109,110,122,308,19.0, ABprppaaa
110,111,117,282,21.0, ABprppaap
111,112,113,296,18.0, ABprppapaa
112,113,100,275,18.0, ABprppapap
113,114,100,260,18.0, ABprppapp
114,115,115,246,24.0, ABprppppap
115,116,116,263,22.0, ABprppppaa
116,117,124,230,21.0, ABprpppppa
117,118,97,272,21.0, ABprpppaaa
118,119,90,248,22.0, ABprpppaap
119,120,99,229,22.0, ABprpppap
120,121,82,232,14.0, ABprappapp
121,122,94,254,10.0, ABprappapa
122,123,87,252,15.0, ABprappaap
123,124,96,277,14.0, ABprappaaa
124,125,101,221,16.0, Cpppa
125,126,83,219,20.0, ABprapppp
126,127,91,242,18.0, ABprapppa
127,128,110,220,9.0, ABarppppp
128,129,113,253,8.0, ABarppppa
129,130,132,259,8.0, ABarpppap
130,131,144,278,8.0, ABarpppaa
131,132,187,243,8.0, ABarppaaa
132,133,178,213,8.0, ABarppaap
133,134,155,165,11.0, ABarppapp
134,135,186,191,8.0, ABarppapa
135,136,180,360,20.0, ABpraaaapa
136,137,188,371,17.0, ABpraaaaa
137,138,196,354,17.0, ABpraaapaa
138,139,163,353,16.0, ABpraaaapp
139,140,158,338,13.0, ABpraaappp
140,141,180,345,17.0, ABpraaappa
141,142,160,346,10.0, ABpraapapa
142,143,147,320,8.0, ABpraapapp
143,144,188,369,11.0, ABpraapaaa
144,145,173,363,13.0, ABpraaapap
145,146,175,345,8.0, ABpraapaap
146,147,121,314,13.0, ABpraapppa
147,148,102,293,14.0, ABpraapppp
148,149,148,349,12.0, ABpraappaa
149,150,134,326,12.0, ABpraappap
150,151,225,264,21.0, ABplpappaa
151,152,201,247,22.0, ABplpappap
152,153,194,235,23.0, ABplpapppa
153,154,209,230,23.0, ABplpapapp
154,155,221,243,23.0, ABplpapapa
155,156,236,247,21.0, ABplpapaa
156,157,262,270,20.0, ABplpaaaap
157,158,273,290,18.0, ABplpaaaaa
158,159,257,261,19.0, ABplpaaapa
159,160,248,246,18.0, ABplpaaapp
160,161,248,252,15.0, ABplpaappa
161,162,238,229,15.0, ABplpaappp
162,163,266,283,16.0, ABplpaapaa
163,164,255,262,14.0, ABplpaapap
164,165,186,211,22.0, ABplppppap
165,166,207,216,22.0, ABplppppaa
166,167,165,228,23.0, ABplpapppp
167,168,166,185,23.0, ABplpppapp
168,169,186,191,23.0, ABplpppapa
169,170,221,203,21.0, ABplpppaaa
170,171,201,190,22.0, ABplpppaap
171,172,151,171,23.0, ABplappppp
172,173,170,167,20.0, ABplappppa
173,174,194,187,17.0, ABplapppaa
174,175,182,178,21.0, ABplapppap
175,176,219,223,20.0, ABplppaap
176,177,240,231,19.0, ABplppaaa
177,178,226,216,17.0, ABplppapa
178,179,209,200,18.0, ABplppapp
179,180,142,254,19.0, MSpappp
180,181,163,257,21.0, MSpappa
181,182,180,270,20.0, MSpapap
182,183,183,275,16.0, MSpapaap
183,184,195,294,19.0, MSpapaaa
184,185,222,346,15.0, MSpaaaap
185,186,232,371,17.0, MSpaaaaa
186,187,205,333,13.0, MSpaaap
187,188,213,319,17.0, MSpaapa
188,189,199,311,12.0, MSpaapp
189,190,139,302,15.0, MSppppa
190,191,132,283,13.0, MSppppp
191,192,149,278,18.0, MSpppap
192,193,161,300,18.0, MSpppaa
193,194,198,334,22.0, ABaraaappp
194,195,182,328,18.0, MSppaap
195,196,177,325,15.0, MSppapa
196,197,152,315,14.0, MSppapp
197,198,213,245,18.0, MSappap
198,199,227,261,17.0, MSappaa
199,200,186,236,20.0, MSaappp
200,201,188,255,21.0, MSaappa
201,202,213,275,16.0, MSaapaap
202,203,201,267,19.0, MSaapap
203,204,227,299,13.0, MSaaapap
204,205,247,316,16.0, MSaaapaa
205,206,212,300,13.0, MSaaapp
206,207,230,324,12.0, MSaaaap
207,208,253,365,15.0, MSaaaaaa
208,209,243,346,12.0, MSaaaaap
209,210,202,221,12.0, MSapppp
210,211,214,238,14.0, MSapppa
211,212,201,183,12.0, ABplappapa
212,213,183,170,16.0, ABplappapp
213,214,206,179,16.0, ABplappaap
214,215,220,197,13.0, ABplappaaa
215,216,151,156,20.0, ABplapappp
216,217,169,157,13.0, ABplapapap
217,218,181,169,8.0, ABplapapaa
218,219,204,194,9.0, ABplapaapp
219,220,205,216,8.0, ABplapaapa
220,221,205,248,9.0, ABplaaappp
221,222,209,228,8.0, ABplapaaap
222,223,227,248,9.0, ABplapaaaa
223,224,259,320,8.0, ABplaapaaa
224,225,257,296,8.0, ABplaapaap
225,226,261,282,8.0, ABplaapapa
226,227,238,267,8.0, ABplaapapp
227,228,225,210,10.0, ABplaapppp
228,229,235,228,10.0, ABplaapppa
229,230,243,240,9.0, ABplaappap
230,231,259,264,9.0, ABplaappaa
231,232,208,298,9.0, ABplaaaapp
232,233,228,307,8.0, ABplaaaapa
233,234,238,312,8.0, ABplaaaaap
234,235,242,335,8.0, ABplaaaaaa
235,236,215,271,9.0, ABplaaappa
236,237,226,285,8.0, ABplaaapa
237,238,120,232,14.0, Dppp
238,239,118,256,14.0, Dppa
239,240,126,258,17.0, Dpap
240,241,124,277,15.0, Dpaa
241,242,167,196,16.0, Dapp
242,243,194,204,14.0, Dapa
243,244,183,214,18.0, Daap
244,245,204,222,16.0, Daaa
245,246,172,242,17.0, Z3
246,247,150,227,17.0, Z2
247,248,139,216,7.0, Cpaaap
248,249,160,242,8.0, Cpaaaa
249,250,97,182,12.0, Cpaapp
250,251,108,193,8.0, Cpaapa
251,252,80,203,18.0, ABprapappp
252,253,80,216,15.0, ABprapappa
253,254,83,215,11.0, ABprapapap
254,255,95,232,8.0, ABprapapaa
255,256,109,278,10.0, ABprapaap
256,257,121,289,9.0, ABprapaaap
257,258,134,312,9.0, ABprapaaaa
258,259,102,187,22.0, Cpapp
259,260,97,185,17.0, Cpapa
260,261,119,197,20.0, Cpppp
261,262,123,213,19.0, Cppap
262,263,128,238,19.0, Cppaa
263,264,130,182,21.0, Cappp
264,265,155,174,17.0, Cappa
265,266,159,210,19.0, Capaa
266,267,146,196,19.0, Capap
267,268,133,182,8.0, Caaaap
268,269,167,189,8.0, Caaaaa
269,270,116,168,16.0, Caaapp
270,271,129,165,10.0, Caaapa
271,272,125,168,24.0, Caapp
272,273,129,157,19.0, Caapa
273,274,135,214,11.0, Eprp
274,275,147,242,12.0, Epra
275,276,142,202,15.0, Eplp
276,277,163,221,13.0, Epla
277,278,182,302,13.0, Eara
278,279,153,270,14.0, Earp
279,280,200,281,12.0, Eala
280,281,187,253,14.0, Ealp
286,287,250,314,24.0, ABalpapaap
287,288,133,238,22.0, ABprpapppp
291,292,167,161,16.0, ABplapappa
299,300,204,346,19.0, MSppaaa
301,302,107,212,24.0, ABprpppppp
309,310,155,203,23.0, ABplpppppp
319,320,173,216,21.0, ABplpppppa
325,326,171,326,22.666666, ABarapppap
326,327,216,289,18.857143, MSaapaaa
