,index,x,y,z,name
0,1,215,320,18.0, ABaraapppa
1,2,201,305,17.0, ABaraapppp
2,3,230,354,18.0, ABaraappaa
3,4,227,332,18.0, ABaraappap
4,5,227,307,16.0, ABaraapapp
5,6,248,323,16.0, ABaraapapa
6,7,260,348,17.0, ABaraapaaa
7,8,246,335,18.0, ABaraapaap
8,9,196,343,22.0, ABarapppaa
9,10,170,299,22.0, ABarappaap
10,11,179,327,22.0, ABarapppap
11,12,151,315,20.0, ABarappppp
12,13,153,299,20.0, ABprpapaaa
13,14,158,315,23.0, ABarappapa
14,15,137,298,23.0, ABarappapp
15,16,204,308,21.0, ABarapaapp
17,18,222,301,22.0, ABarapaaap
19,20,176,281,21.0, ABarapappp
20,21,187,305,20.0, ABarapappa
21,22,191,289,22.0, ABarapapap
22,23,196,321,23.0, ABarapapaa
23,24,173,244,7.0, ABarpaappp
24,25,171,280,7.0, ABarpaappa
25,26,182,295,7.0, ABarpaapap
26,27,211,315,11.0, MSaaaapp
27,28,202,318,7.0, ABarpaapaa
28,29,225,358,10.0, ABarpaaaaa
29,30,230,339,7.0, ABarpaaaap
30,31,212,337,8.0, ABarpaaap
31,32,190,346,7.0, ABarpapaap
32,33,212,355,7.0, ABarpapaaa
33,34,178,317,7.0, ABarpapapp
34,35,196,333,7.0, ABarpapapa
35,36,140,298,8.0, ABarpapppp
36,37,159,306,8.0, ABarpapppa
37,38,174,337,8.0, ABarpappaa
38,39,156,321,7.0, ABarpappap
39,40,203,359,21.0, ABalaapaap
40,41,203,374,21.0, ABalaapapa
41,42,224,367,21.0, ABalaapaaa
42,43,195,374,13.0, ABalaapppp
43,44,212,373,15.0, ABalaapppa
44,45,276,330,15.0, ABalaaaalp
45,46,239,376,19.0, ABalaaaarr
46,47,269,366,18.0, ABalaaaarl
47,48,256,379,14.0, ABalaaapar
48,49,272,353,14.0, ABalaaapal
49,50,279,351,17.0, ABalaaaala
50,51,203,378,18.0, ABalaappap
51,52,212,377,20.0, ABalaappaa
52,53,222,380,18.0, ABalaaappr
53,54,242,380,15.0, ABalaaappl
54,55,247,371,11.0, ABalappaa
55,56,214,377,10.0, ABalappapp
56,57,231,380,13.0, ABalappapa
57,58,227,370,11.0, ABalapppaa
58,59,211,357,11.0, ABalapppap
59,60,180,339,11.0, ABalappppp
60,61,195,355,11.0, ABalappppa
61,62,273,300,17.0, ABalppapaa
62,63,275,292,13.0, ABalppaapp
63,64,283,310,15.0, ABalppaapa
64,65,277,339,13.0, ABalppaaaa
65,66,281,318,13.0, ABalppaaap
66,67,249,262,20.0, ABalppappp
67,68,265,275,21.0, ABalppappa
68,69,267,291,22.0, ABalppapap
69,70,262,319,14.0, MSapaaa
70,71,249,296,16.0, MSapaap
71,72,240,280,14.0, MSapapa
72,73,221,265,12.0, MSapapp
73,74,251,269,11.0, ABalpppppa
74,75,239,254,11.0, ABalpppppp
75,76,248,285,10.0, ABalppppap
76,77,260,298,12.0, ABalppppaa
77,78,268,309,8.0, ABalpppaap
78,79,278,311,11.0, ABalpppaaa
79,80,271,297,9.0, ABalpppapa
80,81,264,277,9.0, ABalpppapp
81,82,209,278,21.0, ABalpapppp
82,83,217,293,21.0, ABalpapppa
83,84,231,284,20.0, ABalpappap
84,85,233,305,19.0, ABalpaaapp
85,86,251,284,22.0, ABalpapapa
86,87,242,266,22.0, ABalpapapp
87,88,284,329,19.0, ABalpaappa
88,89,271,313,18.0, ABalpaappp
89,90,265,327,21.0, ABalpaapap
90,91,271,348,20.0, ABalpaapaa
91,92,247,320,21.0, ABalpaaapa
92,93,264,306,21.0, ABalpapaaa
93,94,263,344,23.0, ABalpaaaaa
94,95,264,364,13.0, ABalapaaaa
95,96,261,351,8.0, ABalapaaap
96,97,266,335,10.0, ABalapaapp
97,98,261,346,12.0, ABalapaapa
98,99,251,306,10.0, ABalapappa
99,100,228,291,10.0, ABalapappp
100,101,245,351,9.0, ABalapapaa
101,102,255,325,8.0, ABalapapap
102,103,248,355,22.0, ABaraaapaa
103,104,233,339,22.0, ABaraaapap
104,105,221,354,22.0, ABaraaappa
105,106,250,363,19.0, ABaraaaapa
106,107,240,351,16.0, ABaraaaapp
107,108,236,362,22.0, ABaraaaaap
108,109,265,364,21.0, ABaraaaaaa
110,111,182,354,22.0, ABalaapapp
111,112,175,340,20.0, ABprpaaaaa
112,113,160,333,20.0, ABprpaaaap
113,114,146,338,22.0, ABprpaaapa
114,115,132,324,20.0, ABprpaaapp
115,116,139,338,17.0, ABprpaapap
116,117,128,326,16.0, ABprpaappa
117,118,118,311,17.0, ABprpaappp
118,119,118,283,21.0, ABprppaapa
119,120,128,261,22.0, ABprpapapp
120,121,133,285,20.0, ABprpapaap
121,122,158,269,22.0, ABprpappap
122,123,159,288,22.0, ABprpappaa
123,124,161,246,20.0, ABprpapppa
124,125,139,312,17.0, ABprppaaaa
125,126,125,302,20.0, ABprppaaap
126,127,109,269,23.0, ABprppaapp
127,128,114,296,18.0, ABprppapaa
128,129,104,282,20.0, ABprppapap
129,130,98,249,19.0, ABprppappp
130,131,97,273,18.0, ABprppappa
131,132,113,246,23.0, ABprppppap
132,133,116,261,20.0, ABprppppaa
133,134,119,225,22.0, ABprpppppa
134,135,96,267,21.0, ABprpppaaa
135,136,91,231,22.0, ABprpppapa
136,137,85,245,22.0, ABprpppaap
137,138,92,216,24.0, ABprpppapp
138,139,79,237,14.0, ABprappapp
139,140,88,257,10.0, ABprappapa
140,141,85,261,15.0, ABprappaap
141,142,94,284,14.0, ABprappaaa
142,143,108,238,13.0, Cpppaa
143,144,98,213,16.0, Cpppap
144,145,86,204,21.0, ABprappppp
145,146,78,221,18.0, ABprappppa
146,147,88,252,17.0, ABprapppaa
147,148,84,233,18.0, ABprapppap
148,149,104,228,9.0, ABarpppppa
149,150,104,250,9.0, ABarppppap
150,151,115,273,8.0, ABarppppaa
151,152,148,268,7.0, ABarpppapa
152,153,121,245,7.0, ABarpppapp
153,154,132,277,8.0, ABarpppaap
154,155,153,288,8.0, ABarpppaaa
155,156,187,220,8.0, ABarppaaap
156,157,190,241,7.0, ABarppaaaa
157,158,173,194,6.0, ABarppaapp
158,159,170,222,7.0, ABarppaapa
159,160,165,170,10.0, ABarppappa
160,161,181,186,10.0, ABarppapap
161,162,187,193,9.0, ABarppapaa
162,163,176,362,18.0, ABpraaaapa
163,164,190,371,19.0, ABpraaaaaa
164,165,173,368,15.0, ABpraaaaap
165,166,203,346,18.0, MSppaaa
166,167,164,358,16.0, ABpraaaapp
167,168,152,337,14.0, ABpraaappp
168,169,176,346,15.0, ABpraaappa
169,170,162,351,11.0, ABpraapapa
170,171,156,336,9.0, ABpraapapp
171,172,198,370,9.0, ABpraapaaa
172,173,180,359,13.0, ABpraaapap
173,174,175,355,9.0, ABpraapaap
174,175,120,315,13.0, ABpraapppa
175,176,107,297,13.0, ABpraapppp
176,177,148,352,14.0, ABpraappaa
177,178,132,330,13.0, ABpraappap
178,179,221,261,21.0, ABplpappaa
179,180,199,247,22.0, ABplpappap
180,181,193,234,22.0, ABplpapppa
181,182,210,224,22.0, ABplpapapp
182,183,217,239,22.0, ABplpapapa
183,184,230,237,21.0, ABplpapaap
184,185,244,249,22.0, ABplpapaaa
185,186,262,273,19.0, ABplpaaaap
186,187,269,287,17.0, ABplpaaaaa
187,188,257,265,16.0, ABplpaaapa
188,189,249,253,16.0, ABplpaaapp
189,190,247,250,14.0, ABplpaappa
190,191,237,233,14.0, ABplpaappp
191,192,266,278,14.0, ABplpaapaa
192,193,254,262,12.0, ABplpaapap
193,194,182,216,22.0, ABplppppap
194,195,199,217,21.0, ABplppppaa
195,196,166,233,22.0, ABplpapppp
196,197,156,188,23.0, ABplpppapp
197,198,173,190,23.0, ABplpppapa
198,199,207,196,21.0, ABplpppaaa
199,200,190,184,22.0, ABplpppaap
200,201,146,173,23.0, ABplappppp
201,202,162,162,21.0, ABplappppa
202,203,186,185,18.0, ABplapppaa
203,204,173,174,20.0, ABplapppap
204,205,227,224,21.0, ABplppaapa
205,206,216,208,21.0, ABplppaapp
206,207,234,236,17.0, ABplppaaap
207,208,242,248,19.0, ABplppaaaa
208,209,232,224,17.0, ABplppapaa
209,210,224,204,18.0, ABplppapap
210,211,215,193,18.0, ABplppappa
211,212,193,191,19.0, ABplppappp
212,213,145,256,19.0, MSpappp
213,214,146,254,22.0, MSpappa
214,215,168,256,18.0, MSpapapp
215,216,172,278,19.0, MSpapapa
216,217,185,281,16.0, MSpapaap
217,218,195,294,19.0, MSpapaaa
218,219,224,348,14.0, MSpaaaap
219,220,232,366,16.0, MSpaaaaa
220,221,192,320,11.0, MSpaaapp
221,222,205,344,14.0, MSpaaapa
222,223,200,318,15.0, MSpaapap
223,224,218,335,14.0, MSpaapaa
224,225,191,305,11.0, MSpaapp
225,226,145,304,14.0, MSppppa
226,227,143,285,12.0, MSppppp
227,228,141,290,17.0, MSpppap
228,229,165,305,17.0, MSpppaa
229,230,209,340,21.0, ABaraaappp
230,231,186,327,19.0, MSppaap
231,232,181,330,16.0, MSppapa
232,233,161,320,12.0, MSppapp
233,234,212,247,17.0, MSappap
234,235,220,258,16.0, MSappaa
235,236,199,235,18.0, MSaappp
236,237,183,252,21.0, MSaappa
237,238,205,270,15.0, MSaapaap
238,239,190,258,18.0, MSaapapp
239,240,203,277,19.0, MSaapapa
240,241,224,303,13.0, MSaaapap
241,242,239,316,13.0, MSaaapaa
242,243,207,301,14.0, MSaaapp
243,244,236,334,11.0, MSaaaapa
244,245,253,365,16.0, MSaaaaaa
245,246,243,351,13.0, MSaaaaap
246,247,203,226,11.0, MSapppp
247,248,215,246,13.0, MSapppa
248,249,198,179,12.0, ABplappapa
249,250,182,171,15.0, ABplappapp
250,251,199,178,16.0, ABplappaap
251,252,214,190,13.0, ABplappaaa
252,253,146,157,20.0, ABplapappp
253,254,166,156,14.0, ABplapapap
254,255,178,163,11.0, ABplapapaa
255,256,206,193,10.0, ABplapaapp
256,257,206,212,7.0, ABplapaapa
257,258,204,243,8.0, ABplaaappp
258,259,209,225,8.0, ABplapaaap
259,260,222,244,8.0, ABplapaaaa
260,261,250,313,7.0, ABplaapaaa
261,262,245,296,7.0, ABplaapaap
262,263,248,281,7.0, ABplaapapa
263,264,234,270,8.0, ABplaapapp
264,265,223,206,11.0, ABplaapppp
265,266,232,227,9.0, ABplaapppa
266,267,238,243,9.0, ABplaappap
267,268,251,262,7.0, ABplaappaa
268,269,207,295,7.0, ABplaaaapp
269,270,218,309,7.0, ABplaaaapa
270,271,229,317,8.0, ABplaaaaap
271,272,242,334,7.0, ABplaaaaaa
272,273,208,261,8.0, ABplaaappa
273,274,217,272,7.0, ABplaaapap
274,275,227,292,6.0, ABplaaapaa
275,276,123,254,14.0, Dppp
276,277,112,269,13.0, Dppa
277,278,124,270,16.0, Dpap
278,279,125,283,14.0, Dpaa
279,280,177,202,15.0, Dapp
280,281,198,207,14.0, Dapa
281,282,198,215,18.0, Daap
282,283,212,226,15.0, Daaa
283,284,171,235,17.0, Z3
284,285,146,223,17.0, Z2
285,286,129,222,7.0, Cpaaap
286,287,156,240,7.0, Cpaaaa
287,288,97,188,10.0, Cpaapp
288,289,112,201,7.0, Cpaapa
289,290,80,198,17.0, ABprapappp
290,291,81,209,14.0, ABprapappa
291,292,82,221,12.0, ABprapapap
292,293,87,240,9.0, ABprapapaa
293,294,97,274,10.0, ABprapaapp
294,295,111,288,9.0, ABprapaapa
295,296,125,297,10.0, ABprapaaap
296,297,132,313,10.0, ABprapaaaa
297,298,116,190,24.0, Cpappv
298,299,87,183,20.0, Cpappd
299,300,88,189,14.0, Cpapap
300,301,103,176,19.0, Cpapaa
301,302,105,205,19.0, Cpppp
302,303,107,228,18.0, Cppap
303,304,129,238,18.0, Cppaa
304,305,130,187,19.0, Cappp
305,306,169,188,15.0, Cappaa
306,307,150,177,18.0, Cappap
307,308,170,213,19.0, Capaa
308,309,152,196,20.0, Capap
309,310,135,181,7.0, Caaaap
310,311,161,185,7.0, Caaaaa
311,312,113,169,14.0, Caaapp
312,313,123,170,9.0, Caaapa
313,314,118,169,23.0, Caapp
314,315,122,164,19.0, Caapa
315,316,133,217,11.0, Eprp
316,317,146,241,11.0, Epra
317,318,132,203,15.0, Eplp
318,319,157,210,12.0, Epla
319,320,175,299,11.0, Eara
320,321,166,282,15.0, Earpa
321,322,153,259,14.0, Earpp
322,323,183,263,10.0, Ealap
323,324,206,286,10.0, Ealaa
324,325,183,240,14.0, Ealpp
326,327,226,321,22.0, ABarapaaaa
327,328,241,305,23.0, ABalpapaap
328,329,131,235,22.0, ABprpapppp
330,331,137,281,22.0, ABprpapapa
331,332,162,159,16.0, ABplapappa
335,336,195,359,16.0, ABpraaapaa
337,338,107,211,23.0, ABprpppppp
341,342,147,205,22.0, ABplpppppp
342,343,160,217,22.0, ABplpppppa
344,345,193,255,14.0, Ealpa
345,346,158,348,18.0, ABprpaapaa
346,347,165,326,21.0, ABarappppa
347,348,243,298,21.0, ABalpappaa
349,350,180,315,23.0, ABarappaaa
350,351,253,319,23.0, ABalpaaaap
351,352,143,162,14.0, ABarppappp
354,355,216,296,18.0, MSaapaaa
358,359,213,329,21.5, ABarapaapa
359,360,99,222,9.5, ABarpppppp
