,index,x,y,z,name
0,1,214,317,18.0, ABaraapppa
1,2,197,309,17.0, ABaraapppp
2,3,229,350,18.0, ABaraappaa
3,4,224,331,18.0, ABaraappap
4,5,231,300,16.0, ABaraapapp
5,6,244,319,17.0, ABaraapapa
6,7,258,344,18.0, ABaraapaaa
7,8,242,332,19.0, ABaraapaap
8,9,195,347,23.0, ABarapppaa
9,10,171,302,23.0, ABarappaap
10,11,182,328,23.0, ABarapppap
11,12,152,318,22.0, ABarappppp
12,13,153,302,20.0, ABprpapaaa
13,14,156,318,26.0, ABarappapa
14,15,141,297,24.0, ABarappapp
15,16,200,312,21.0, ABarapaapp
16,17,210,333,23.0, ABaraaappp
17,18,217,299,23.0, ABarapaaap
18,19,214,322,21.0, ABarapaapa
19,20,167,277,20.0, MSpapapa
20,21,176,281,22.0, ABarapappp
21,22,187,301,21.0, ABarapappa
22,23,190,290,23.0, ABarapapap
24,25,177,245,8.0, ABarpaappp
25,26,175,272,8.0, ABarpaappa
26,27,181,293,8.0, ABarpaapap
27,28,215,316,10.0, MSaaaapp
28,29,202,318,8.0, ABarpaapaa
29,30,233,359,8.0, ABarpaaaaa
30,31,236,339,8.0, ABarpaaaap
31,32,212,336,8.0, ABarpaaapp
32,33,216,342,9.0, ABarpaaapa
33,34,195,351,8.0, ABarpapaap
34,35,212,358,8.0, ABarpapaaa
35,36,178,322,8.0, ABarpapapp
36,37,198,335,8.0, ABarpapapa
37,38,143,299,8.0, ABarpapppp
38,39,162,308,8.0, ABarpapppa
39,40,177,341,8.0, ABarpappaa
40,41,154,323,8.0, ABarpappap
41,42,204,360,22.0, ABalaapaap
42,43,199,373,22.0, ABalaapapa
43,44,222,369,22.0, ABalaapaaa
44,45,196,374,15.0, ABalaapppp
45,46,214,371,15.0, ABalaapppa
46,47,278,322,17.0, ABalaaaalp
47,48,241,373,19.0, ABalaaaarr
48,49,271,360,19.0, ABalaaaarl
49,50,258,374,15.0, ABalaaapar
50,51,272,351,15.0, ABalaaapal
51,52,278,342,18.0, ABalaaaala
52,53,205,372,20.0, ABalaappap
53,54,217,381,20.0, ABalaappaa
54,55,223,377,18.0, ABalaaappr
55,56,242,377,16.0, ABalaaappl
56,57,249,360,9.0, ABalappaap
57,58,251,373,13.0, ABalappaaa
58,59,218,378,12.0, ABalappapp
59,60,237,380,13.0, ABalappapa
60,61,233,366,12.0, ABalapppaa
61,62,216,358,11.0, ABalapppap
62,63,181,341,11.0, ABalappppp
63,64,198,362,12.0, ABalappppa
64,65,269,296,19.0, ABalppapaa
65,66,277,294,15.0, ABalppaapp
66,67,285,306,16.0, ABalppaapa
67,68,284,337,16.0, ABalppaaaa
68,69,284,319,15.0, ABalppaaap
69,70,254,261,22.0, ABalppappp
70,71,264,278,22.0, ABalppappa
71,72,260,290,23.0, ABalppapap
72,73,251,315,15.0, MSapaaap
73,74,271,318,15.0, MSapaaaa
74,75,248,294,17.0, MSapaap
75,76,242,280,14.0, MSapapa
76,77,221,272,12.0, MSapapp
77,78,254,267,12.0, ABalpppppa
78,79,242,252,12.0, ABalpppppp
79,80,250,284,11.0, ABalppppap
80,81,262,298,12.0, ABalppppaa
81,82,274,305,10.0, ABalpppaap
82,83,280,310,12.0, ABalpppaaa
83,84,274,291,11.0, ABalpppapa
84,85,266,276,11.0, ABalpppapp
85,86,203,275,21.0, ABalpapppp
86,87,214,292,21.0, ABalpapppa
87,88,228,282,21.0, ABalpappap
88,89,231,305,20.0, ABalpaaapp
89,90,247,279,22.0, ABalpapapa
90,91,239,264,22.0, ABalpapapp
91,92,279,325,21.0, ABalpaappa
92,93,270,309,20.0, ABalpaappp
93,94,260,326,21.0, ABalpaapap
94,95,264,346,21.0, ABalpaapaa
95,96,242,313,21.0, ABalpaaapa
96,97,261,305,23.0, ABalpapaaa
97,98,259,336,24.0, ABalpaaaaa
98,99,265,359,13.0, ABalapaaaa
99,100,264,346,11.0, ABalapaaap
100,101,274,329,11.0, ABalapaapp
101,102,267,338,14.0, ABalapaapa
102,103,252,308,10.0, ABalapappa
103,104,230,293,11.0, ABalapappp
104,105,252,344,9.0, ABalapapaa
105,106,256,328,10.0, ABalapapap
106,107,246,354,23.0, ABaraaapaa
107,108,229,339,22.0, ABaraaapap
108,109,218,352,23.0, ABaraaappa
109,110,252,360,19.0, ABaraaaapa
110,111,242,352,16.0, ABaraaaapp
111,112,233,361,22.0, ABaraaaaap
112,113,265,359,22.0, ABaraaaaaa
114,115,184,353,22.0, ABalaapapp
115,116,173,341,21.0, ABprpaaaaa
116,117,162,330,20.0, ABprpaaaap
117,118,152,343,22.0, ABprpaaapa
118,119,139,330,21.0, ABprpaaapp
119,120,140,338,18.0, ABprpaapap
120,121,129,326,17.0, ABprpaappa
121,122,117,313,18.0, ABprpaappp
122,123,119,280,22.0, ABprppaapa
123,124,132,259,23.0, ABprpapapp
124,125,137,290,21.0, ABprpapaap
125,126,158,269,23.0, ABprpappap
126,127,160,290,23.0, ABprpappaa
127,128,159,248,21.0, ABprpapppa
128,129,140,313,18.0, ABprppaaaa
129,130,125,307,21.0, ABprppaaap
130,131,109,269,24.0, ABprppaapp
131,132,114,295,20.0, ABprppapaa
132,133,102,281,21.0, ABprppapap
133,134,93,250,20.0, ABprppappp
134,135,94,269,20.0, ABprppappa
135,136,110,243,24.0, ABprppppap
136,137,115,259,21.0, ABprppppaa
137,138,128,221,21.0, ABprpppppa
138,139,98,259,22.0, ABprpppaaa
139,140,91,226,23.0, ABprpppapa
140,141,87,244,23.0, ABprpppaap
141,142,82,237,14.0, ABprappapp
142,143,89,250,11.0, ABprappapa
143,144,87,258,15.0, ABprappaap
144,145,93,280,15.0, ABprappaaa
145,146,110,239,13.0, Cpppaa
146,147,103,205,18.0, Cppppa
147,148,88,204,23.0, ABprappppp
148,149,79,217,19.0, ABprappppa
149,150,85,249,18.0, ABprapppaa
150,151,84,233,19.0, ABprapppap
151,152,108,234,8.0, ABarpppppa
152,153,104,253,9.0, ABarppppap
153,154,116,280,8.0, ABarppppaa
154,155,147,268,8.0, ABarpppapa
155,156,125,247,8.0, ABarpppapp
156,157,131,282,8.0, ABarpppaap
157,158,154,287,7.0, ABarpppaaa
158,159,197,219,8.0, ABarppaaap
159,160,191,241,7.0, ABarppaaaa
160,161,179,191,9.0, ABarppaapp
161,162,181,219,8.0, ABarppaapa
162,163,161,170,11.0, ABarppappa
163,164,173,180,11.0, ABarppapap
164,165,196,198,8.0, ABarppapaa
165,166,177,360,19.0, ABpraaaapa
166,167,192,372,20.0, ABpraaaaaa
167,168,176,369,16.0, ABpraaaaap
168,169,203,347,18.0, MSppaaa
169,170,162,360,16.0, ABpraaaapp
170,171,152,337,14.0, ABpraaappp
171,172,166,346,15.0, ABpraaappa
172,173,164,355,12.0, ABpraapapa
173,174,161,338,10.0, ABpraapapp
174,175,205,371,10.0, ABpraapaaa
175,176,177,358,14.0, ABpraaapap
176,177,180,357,9.0, ABpraapaap
177,178,122,317,13.0, ABpraapppa
178,179,106,299,15.0, ABpraapppp
179,180,145,348,13.0, ABpraappaa
180,181,134,329,13.0, ABpraappap
181,182,219,259,22.0, ABplpappaa
182,183,199,251,22.0, ABplpappap
183,184,194,238,23.0, ABplpapppa
184,185,211,228,23.0, ABplpapapp
185,186,221,239,22.0, ABplpapapa
186,187,234,239,21.0, ABplpapaap
187,188,242,250,22.0, ABplpapaaa
188,189,263,268,19.0, ABplpaaaap
189,190,267,285,18.0, ABplpaaaaa
190,191,259,265,17.0, ABplpaaapa
191,192,247,255,17.0, ABplpaaapp
192,193,247,249,14.0, ABplpaappa
193,194,238,233,16.0, ABplpaappp
194,195,266,281,15.0, ABplpaapaa
195,196,257,262,14.0, ABplpaapap
196,197,182,217,23.0, ABplppppap
197,198,197,221,22.0, ABplppppaa
198,199,169,233,22.0, ABplpapppp
199,200,153,193,23.0, ABplpppapp
200,201,170,193,23.0, ABplpppapa
201,202,201,203,22.0, ABplpppaaa
203,204,147,177,23.0, ABplappppp
204,205,166,164,23.0, ABplappppa
205,206,184,186,19.0, ABplapppaa
206,207,179,174,21.0, ABplapppap
207,208,225,221,22.0, ABplppaapa
208,209,214,209,22.0, ABplppaapp
209,210,234,232,18.0, ABplppaaap
210,211,248,248,19.0, ABplppaaaa
211,212,232,222,19.0, ABplppapaa
212,213,222,203,20.0, ABplppapap
213,214,211,192,20.0, ABplppappa
214,215,192,189,21.0, ABplppappp
215,216,142,254,20.0, MSpappp
216,217,147,247,23.0, MSpappa
217,218,168,261,20.0, MSpapapp
218,219,182,282,17.0, MSpapaap
219,220,191,296,19.0, MSpapaaa
220,221,225,346,14.0, MSpaaaap
221,222,232,364,17.0, MSpaaaaa
222,223,199,324,11.0, MSpaaapp
223,224,207,342,14.0, MSpaaapa
224,225,197,324,15.0, MSpaapap
225,226,222,332,15.0, MSpaapaa
226,227,187,309,10.0, MSpaapp
227,228,152,308,14.0, MSppppa
228,229,142,289,12.0, MSppppp
229,230,138,296,17.0, MSpppap
230,231,166,308,17.0, MSpppaa
231,232,185,328,20.0, MSppaap
232,233,183,344,17.0, MSppapaa
233,234,176,325,16.0, MSppapap
234,235,166,322,12.0, MSppapp
235,236,215,247,18.0, MSappap
236,237,220,262,16.0, MSappaa
237,238,200,235,19.0, MSaappp
238,239,184,250,21.0, MSaappa
239,240,207,280,15.0, MSaapaap
240,241,189,253,19.0, MSaapapp
241,242,200,280,19.0, MSaapapa
242,243,223,308,13.0, MSaaapap
243,244,238,318,13.0, MSaaapaa
244,245,207,304,13.0, MSaaapp
245,246,237,334,11.0, MSaaaapa
246,247,256,360,16.0, MSaaaaaa
247,248,245,351,13.0, MSaaaaap
248,249,198,233,12.0, MSapppp
249,250,219,249,14.0, MSapppa
250,251,197,179,13.0, ABplappapa
251,252,183,170,16.0, ABplappapp
252,253,199,179,17.0, ABplappaap
253,254,212,190,15.0, ABplappaaa
254,255,151,160,21.0, ABplapappp
255,256,161,157,15.0, ABplapapap
256,257,174,161,13.0, ABplapapaa
257,258,210,195,12.0, ABplapaapp
258,259,215,213,8.0, ABplapaapa
259,260,205,244,9.0, ABplaaappp
260,261,217,228,9.0, ABplapaaap
261,262,221,245,9.0, ABplapaaaa
262,263,258,314,8.0, ABplaapaaa
263,264,248,294,8.0, ABplaapaap
264,265,257,278,8.0, ABplaapapa
265,266,237,271,9.0, ABplaapapp
266,267,224,206,13.0, ABplaapppp
267,268,233,227,11.0, ABplaapppa
268,269,238,241,9.0, ABplaappap
269,270,253,257,8.0, ABplaappaa
270,271,207,295,7.0, ABplaaaapp
271,272,218,310,8.0, ABplaaaapa
272,273,233,314,8.0, ABplaaaaap
273,274,244,330,8.0, ABplaaaaaa
274,275,209,261,9.0, ABplaaappa
275,276,219,274,7.0, ABplaaapap
276,277,228,292,7.0, ABplaaapaa
277,278,121,256,14.0, Dppp
278,279,114,273,14.0, Dppa
279,280,129,275,17.0, Dpap
280,281,124,287,15.0, Dpaa
281,282,180,204,14.0, Dapp
282,283,201,210,14.0, Dapa
283,284,199,218,17.0, Daap
284,285,212,230,15.0, Daaa
285,286,172,237,18.0, Z3
286,287,147,225,17.0, Z2
287,288,134,222,7.0, Cpaaap
288,289,160,242,8.0, Cpaaaa
289,290,97,184,11.0, Cpaapp
290,291,112,200,8.0, Cpaapa
291,292,82,200,19.0, ABprapappp
292,293,79,211,16.0, ABprapappa
293,294,82,222,13.0, ABprapapap
294,295,89,232,10.0, ABprapapaa
295,296,98,276,11.0, ABprapaapp
296,297,110,293,10.0, ABprapaapa
297,298,124,297,10.0, ABprapaaap
298,299,136,310,11.0, ABprapaaaa
299,300,128,194,21.0, Capppp
300,301,88,182,21.0, Cpappd
301,302,86,188,15.0, Cpapap
302,303,101,171,20.0, Cpapaa
303,304,110,201,21.0, Cppppp
304,305,106,230,19.0, Cppap
305,306,126,243,18.0, Cppaa
306,307,139,180,18.0, Capppa
307,308,171,187,16.0, Cappaa
308,309,154,177,18.0, Cappap
309,310,170,213,19.0, Capaa
310,311,157,193,20.0, Capap
311,312,137,187,8.0, Caaaap
312,313,163,188,8.0, Caaaaa
313,314,115,167,15.0, Caaapp
314,315,128,173,10.0, Caaapa
315,316,126,167,22.0, Caapp
316,317,116,175,19.0, Caapa
317,318,132,215,12.0, Eprp
318,319,141,235,12.0, Eprap
319,320,149,249,11.0, Epraa
320,321,130,203,16.0, Eplp
321,322,174,221,10.0, Eplaa
322,323,184,308,14.0, Earaa
323,324,165,282,12.0, Earap
324,325,161,288,17.0, Earpa
325,326,153,260,15.0, Earpp
326,327,182,259,12.0, Ealap
327,328,204,287,11.0, Ealaa
328,329,177,240,14.0, Ealpp
330,331,224,319,23.0, ABarapaaaa
331,332,239,302,24.0, ABalpapaap
332,333,131,232,23.0, ABprpapppp
334,335,135,276,21.0, ABprpapapa
335,336,156,157,18.0, ABplapappa
339,340,192,359,16.0, ABpraaapaa
341,342,112,214,23.0, ABprpppppp
344,345,142,208,22.0, ABplpppppp
345,346,158,216,23.0, ABplpppppa
347,348,196,264,15.0, Ealpa
348,349,158,347,19.0, ABprpaapaa
349,350,169,327,23.0, ABarappppa
350,351,232,295,22.0, ABalpappaa
351,352,99,217,25.0, ABprpppapp
352,353,180,314,23.0, ABarappaaa
353,354,247,319,24.0, ABalpaaaap
354,355,140,158,16.0, ABarppappp
357,358,215,296,18.0, MSaapaaa
359,360,153,203,15.0, Eplap
361,362,94,211,11.0, ABarpppppp
366,367,196,317,23.0, ABarapapaa
369,370,112,187,25.0, Cpappv
385,386,101,215,15.666667, Cpppap
386,387,188,190,23.0, ABplpppaap
