,index,x,y,z,name
0,1,215,319,18.0, ABaraapppa
1,2,196,311,17.0, ABaraapppp
2,3,231,352,18.0, ABaraappaa
3,4,223,334,18.0, ABaraappap
4,5,230,298,16.0, ABaraapapp
5,6,244,316,17.0, ABaraapapa
6,7,258,343,18.0, ABaraapaaa
7,8,241,332,18.0, ABaraapaap
8,9,197,347,23.0, ABarapppaa
9,10,173,302,23.0, ABarappaap
10,11,187,331,23.0, ABarapppap
11,12,151,320,22.0, ABarappppp
12,13,155,301,21.0, ABprpapaaa
13,14,155,317,24.0, ABarappapa
14,15,145,296,24.0, ABarappapp
15,16,201,313,21.0, ABarapaapp
16,17,211,335,23.0, ABaraaappp
17,18,217,300,23.0, ABarapaaap
18,19,215,323,21.0, ABarapaapa
19,20,163,278,20.0, MSpapapa
20,21,177,280,22.0, ABarapappp
21,22,186,304,21.0, ABarapappa
22,23,191,290,23.0, ABarapapap
24,25,176,244,8.0, ABarpaappp
25,26,174,276,8.0, ABarpaappa
26,27,181,294,8.0, ABarpaapap
27,28,216,316,11.0, MSaaaapp
28,29,200,316,8.0, ABarpaapaa
29,30,232,360,8.0, ABarpaaaaa
30,31,240,341,8.0, ABarpaaaap
31,32,210,332,8.0, ABarpaaapp
32,33,224,345,9.0, ABarpaaapa
33,34,198,351,8.0, ABarpapaap
34,35,212,356,8.0, ABarpapaaa
35,36,180,323,8.0, ABarpapapp
36,37,198,335,8.0, ABarpapapa
37,38,142,303,8.0, ABarpapppp
38,39,163,311,8.0, ABarpapppa
39,40,175,340,8.0, ABarpappaa
40,41,158,326,8.0, ABarpappap
41,42,207,363,23.0, ABalaapaap
42,43,197,372,22.0, ABalaapapa
43,44,225,370,23.0, ABalaapaaa
44,45,198,375,15.0, ABalaapppp
45,46,212,370,15.0, ABalaapppa
46,47,280,322,18.0, ABalaaaalp
47,48,242,374,20.0, ABalaaaarr
48,49,270,363,19.0, ABalaaaarl
49,50,257,374,16.0, ABalaaapar
50,51,274,351,16.0, ABalaaapal
51,52,280,341,19.0, ABalaaaala
52,53,210,374,20.0, ABalaappap
53,54,222,383,20.0, ABalaappaa
54,55,225,376,17.0, ABalaaappr
55,56,242,376,16.0, ABalaaappl
56,57,253,361,9.0, ABalappaap
57,58,251,377,14.0, ABalappaaa
58,59,221,380,12.0, ABalappapp
59,60,237,383,14.0, ABalappapa
60,61,235,367,11.0, ABalapppaa
61,62,218,361,11.0, ABalapppap
62,63,184,344,11.0, ABalappppp
63,64,202,361,12.0, ABalappppa
64,65,271,294,19.0, ABalppapaa
65,66,276,295,16.0, ABalppaapp
66,67,284,305,18.0, ABalppaapa
67,68,286,336,16.0, ABalppaaaa
68,69,286,319,16.0, ABalppaaap
69,70,252,258,22.0, ABalppappp
70,71,260,275,22.0, ABalppappa
71,72,260,289,23.0, ABalppapap
72,73,254,310,15.0, MSapaaap
73,74,273,316,16.0, MSapaaaa
74,75,245,288,18.0, MSapaap
75,76,254,289,15.0, MSapapaa
76,77,231,276,14.0, MSapapap
77,78,220,274,12.0, MSapapp
78,79,251,271,12.0, ABalpppppa
79,80,244,253,12.0, ABalpppppp
80,81,248,284,11.0, ABalppppap
81,82,263,297,12.0, ABalppppaa
82,83,275,306,11.0, ABalpppaap
83,84,281,308,13.0, ABalpppaaa
84,85,275,292,12.0, ABalpppapa
85,86,264,276,12.0, ABalpppapp
86,87,203,278,21.0, ABalpapppp
87,88,215,294,21.0, ABalpapppa
88,89,226,281,21.0, ABalpappap
89,90,229,305,19.0, ABalpaaapp
90,91,244,277,23.0, ABalpapapa
91,92,234,262,22.0, ABalpapapp
92,93,277,323,22.0, ABalpaappa
93,94,264,308,19.0, ABalpaappp
94,95,258,326,21.0, ABalpaapap
95,96,266,345,21.0, ABalpaapaa
96,97,241,311,21.0, ABalpaaapa
97,98,258,304,23.0, ABalpapaaa
98,99,257,333,24.0, ABalpaaaaa
99,100,265,359,13.0, ABalapaaaa
100,101,264,347,11.0, ABalapaaap
101,102,274,327,12.0, ABalapaapp
102,103,268,336,14.0, ABalapaapa
103,104,256,309,10.0, ABalapappa
104,105,233,294,9.0, ABalapappp
105,106,254,344,9.0, ABalapapaa
106,107,257,329,10.0, ABalapapap
107,108,247,352,22.0, ABaraaapaa
108,109,231,340,22.0, ABaraaapap
109,110,223,354,23.0, ABaraaappa
110,111,252,359,19.0, ABaraaaapa
111,112,245,351,16.0, ABaraaaapp
112,113,238,362,22.0, ABaraaaaap
113,114,266,355,23.0, ABaraaaaaa
115,116,188,354,22.0, ABalaapapp
116,117,175,343,21.0, ABprpaaaaa
117,118,163,331,20.0, ABprpaaaap
118,119,155,344,22.0, ABprpaaapa
119,120,140,333,21.0, ABprpaaapp
120,121,142,343,18.0, ABprpaapap
121,122,131,329,17.0, ABprpaappa
122,123,119,317,18.0, ABprpaappp
123,124,119,281,22.0, ABprppaapa
124,125,133,261,23.0, ABprpapapp
125,126,138,292,21.0, ABprpapaap
126,127,160,266,23.0, ABprpappap
127,128,163,289,23.0, ABprpappaa
128,129,158,248,21.0, ABprpapppa
129,130,138,315,19.0, ABprppaaaa
130,131,124,310,21.0, ABprppaaap
131,132,108,269,24.0, ABprppaapp
132,133,116,296,21.0, ABprppapaa
133,134,100,284,21.0, ABprppapap
134,135,94,252,20.0, ABprppappp
135,136,94,270,19.0, ABprppappa
136,137,113,243,22.0, ABprppppap
137,138,118,259,21.0, ABprppppaa
138,139,130,223,21.0, ABprpppppa
139,140,100,260,22.0, ABprpppaaa
140,141,95,227,23.0, ABprpppapa
141,142,89,244,23.0, ABprpppaap
142,143,82,240,14.0, ABprappapp
143,144,91,251,11.0, ABprappapa
144,145,86,262,15.0, ABprappaap
145,146,94,281,15.0, ABprappaaa
146,147,110,239,13.0, Cpppaa
147,148,97,206,17.0, Cppppa
148,149,92,207,23.0, ABprappppp
149,150,79,219,19.0, ABprappppa
150,151,86,250,18.0, ABprapppaa
151,152,84,238,20.0, ABprapppap
152,153,105,234,8.0, ABarpppppa
153,154,101,258,9.0, ABarppppap
154,155,114,284,8.0, ABarppppaa
155,156,142,270,8.0, ABarpppapa
156,157,120,248,8.0, ABarpppapp
157,158,129,285,8.0, ABarpppaap
158,159,153,288,7.0, ABarpppaaa
159,160,197,221,8.0, ABarppaaap
160,161,192,242,8.0, ABarppaaaa
161,162,179,194,8.0, ABarppaapp
162,163,181,222,8.0, ABarppaapa
163,164,161,172,10.0, ABarppappa
164,165,173,183,11.0, ABarppapap
165,166,197,202,8.0, ABarppapaa
166,167,178,363,19.0, ABpraaaapa
167,168,194,373,19.0, ABpraaaaaa
168,169,180,372,16.0, ABpraaaaap
169,170,199,339,17.0, MSppaaap
170,171,209,357,20.0, MSppaaaa
171,172,165,362,16.0, ABpraaaapp
172,173,154,339,15.0, ABpraaappp
173,174,169,347,15.0, ABpraaappa
174,175,168,356,12.0, ABpraapapa
175,176,162,341,10.0, ABpraapapp
176,177,206,373,10.0, ABpraapaaa
177,178,179,358,14.0, ABpraaapap
178,179,182,358,10.0, ABpraapaap
179,180,121,318,14.0, ABpraapppa
180,181,106,301,16.0, ABpraapppp
181,182,144,347,13.0, ABpraappaa
182,183,138,329,12.0, ABpraappap
183,184,216,259,22.0, ABplpappaa
184,185,196,254,23.0, ABplpappap
185,186,193,240,23.0, ABplpapppa
186,187,208,230,23.0, ABplpapapp
187,188,220,239,22.0, ABplpapapa
188,189,232,238,21.0, ABplpapaap
189,190,239,248,22.0, ABplpapaaa
190,191,260,268,19.0, ABplpaaaap
191,192,265,282,18.0, ABplpaaaaa
192,193,257,265,17.0, ABplpaaapa
193,194,244,255,18.0, ABplpaaapp
194,195,247,249,15.0, ABplpaappa
195,196,238,233,15.0, ABplpaappp
196,197,267,281,16.0, ABplpaapaa
197,198,255,264,15.0, ABplpaapap
198,199,179,216,22.0, ABplppppap
199,200,195,223,22.0, ABplppppaa
200,201,170,237,22.0, ABplpapppp
201,202,154,195,24.0, ABplpppapp
202,203,172,192,24.0, ABplpppapa
203,204,199,207,22.0, ABplpppaaa
205,206,145,177,23.0, ABplappppp
206,207,165,167,22.0, ABplappppa
207,208,183,188,19.0, ABplapppaa
208,209,178,175,21.0, ABplapppap
209,210,224,220,22.0, ABplppaapa
210,211,212,211,22.0, ABplppaapp
211,212,232,231,18.0, ABplppaaap
212,213,250,244,19.0, ABplppaaaa
213,214,231,223,20.0, ABplppapaa
214,215,222,204,20.0, ABplppapap
215,216,209,195,21.0, ABplppappa
216,217,195,190,20.0, ABplppappp
217,218,140,256,20.0, MSpappp
218,219,147,248,23.0, MSpappa
219,220,167,262,20.0, MSpapapp
220,221,179,283,17.0, MSpapaap
221,222,189,299,19.0, MSpapaaa
222,223,225,347,14.0, MSpaaaap
223,224,233,363,17.0, MSpaaaaa
224,225,201,323,11.0, MSpaaapp
225,226,208,340,13.0, MSpaaapa
226,227,193,326,15.0, MSpaapap
227,228,220,329,15.0, MSpaapaa
228,229,188,308,10.0, MSpaapp
229,230,149,312,15.0, MSppppa
230,231,141,288,12.0, MSppppp
231,232,138,297,18.0, MSpppap
232,233,158,307,17.0, MSpppaa
233,234,185,329,19.0, MSppaap
234,235,185,345,17.0, MSppapaa
235,236,174,325,16.0, MSppapap
236,237,170,325,12.0, MSppapp
237,238,213,247,18.0, MSappap
238,239,218,263,17.0, MSappaa
239,240,200,233,18.0, MSaappp
240,241,184,248,20.0, MSaappa
241,242,205,281,16.0, MSaapaap
242,243,192,258,19.0, MSaapapp
243,244,198,284,19.0, MSaapapa
244,245,223,306,13.0, MSaaapap
245,246,239,318,13.0, MSaaapaa
246,247,205,305,13.0, MSaaapp
247,248,237,333,11.0, MSaaaapa
248,249,257,360,16.0, MSaaaaaa
249,250,245,351,13.0, MSaaaaap
250,251,197,233,12.0, MSapppp
251,252,221,249,14.0, MSapppa
252,253,194,182,12.0, ABplappapa
253,254,183,171,16.0, ABplappapp
254,255,197,182,17.0, ABplappaap
255,256,211,191,15.0, ABplappaaa
256,257,154,158,22.0, ABplapappp
257,258,159,158,14.0, ABplapapap
258,259,171,162,12.0, ABplapapaa
259,260,211,197,11.0, ABplapaapp
260,261,215,214,8.0, ABplapaapa
261,262,205,247,9.0, ABplaaappp
262,263,216,228,9.0, ABplapaaap
263,264,223,243,9.0, ABplapaaaa
264,265,261,317,8.0, ABplaapaaa
265,266,252,296,8.0, ABplaapaap
266,267,259,279,8.0, ABplaapapa
267,268,237,269,9.0, ABplaapapp
268,269,224,206,13.0, ABplaapppp
269,270,235,226,11.0, ABplaapppa
270,271,239,244,9.0, ABplaappap
271,272,257,260,9.0, ABplaappaa
272,273,208,294,8.0, ABplaaaapp
273,274,219,309,8.0, ABplaaaapa
274,275,235,314,8.0, ABplaaaaap
275,276,244,329,8.0, ABplaaaaaa
276,277,206,264,8.0, ABplaaappa
277,278,221,273,7.0, ABplaaapap
278,279,228,290,7.0, ABplaaapaa
279,280,119,258,13.0, Dppp
280,281,116,277,14.0, Dppa
281,282,127,278,17.0, Dpap
282,283,127,293,15.0, Dpaa
283,284,177,207,14.0, Dapp
284,285,202,212,14.0, Dapa
285,286,198,218,17.0, Daap
286,287,213,230,15.0, Daaa
287,288,172,237,18.0, Z3
288,289,149,226,17.0, Z2
289,290,129,228,7.0, Cpaaap
290,291,155,242,8.0, Cpaaaa
291,292,99,183,12.0, Cpaapp
292,293,110,201,8.0, Cpaapa
293,294,80,202,20.0, ABprapappp
294,295,78,209,16.0, ABprapappa
295,296,79,222,14.0, ABprapapap
296,297,90,231,10.0, ABprapapaa
297,298,99,282,12.0, ABprapaapp
298,299,111,298,10.0, ABprapaapa
299,300,125,300,11.0, ABprapaaap
300,301,137,313,11.0, ABprapaaaa
301,302,130,197,21.0, Capppp
302,303,90,184,22.0, Cpappd
303,304,87,185,16.0, Cpapap
304,305,104,170,20.0, Cpapaa
305,306,112,202,22.0, Cppppp
306,307,109,229,17.0, Cppap
307,308,118,257,16.0, Cppaaa
308,309,130,233,19.0, Cppaap
309,310,143,180,18.0, Capppa
310,311,171,189,15.0, Cappaa
311,312,157,180,17.0, Cappap
312,313,178,212,17.0, Capaaa
313,314,160,196,19.0, Capap
314,315,137,189,8.0, Caaaap
315,316,163,193,8.0, Caaaaa
316,317,115,169,15.0, Caaapp
317,318,126,175,10.0, Caaapa
318,319,131,159,20.0, Caappd
319,320,126,177,23.0, Caappv
320,321,120,177,20.0, Caapa
321,322,126,215,12.0, Eprp
322,323,133,238,13.0, Eprap
323,324,154,257,11.0, Epraa
324,325,132,202,17.0, Eplp
325,326,169,227,11.0, Eplaa
326,327,183,309,14.0, Earaa
327,328,165,280,12.0, Earap
328,329,159,289,17.0, Earpa
329,330,150,257,16.0, Earpp
330,331,181,261,11.0, Ealap
331,332,201,288,12.0, Ealaa
332,333,178,241,13.0, Ealpp
334,335,223,319,23.0, ABarapaaaa
335,336,238,300,24.0, ABalpapaap
336,337,133,230,23.0, ABprpapppp
337,338,139,277,23.0, ABprpapapa
338,339,159,160,18.0, ABplapappa
342,343,193,360,17.0, ABpraaapaa
344,345,115,217,23.0, ABprpppppp
347,348,143,210,22.0, ABplpppppp
348,349,158,220,23.0, ABplpppppa
350,351,196,265,15.0, Ealpa
351,352,159,349,19.0, ABprpaapaa
352,353,170,330,23.0, ABarappppa
353,354,232,296,22.0, ABalpappaa
354,355,102,216,25.0, ABprpppapp
355,356,182,314,24.0, ABarappaaa
357,358,140,160,15.0, ABarppappp
360,361,214,297,18.0, MSaapaaa
362,363,150,203,15.0, Eplap
364,365,89,209,11.0, ABarpppppp
369,370,197,314,24.0, ABarapapaa
372,373,113,187,25.0, Cpappv
387,388,159,214,21.0, Capaap
390,391,98,217,15.0, Cpppap
391,392,186,192,23.0, ABplpppaap
399,400,246,317,24.0, ABalpaaaap
