,index,x,y,z,name
0,1,199,310,16.0, ABaraapppap
1,2,187,304,16.0, ABaraapppp
2,3,228,348,16.0, ABaraappaa
3,4,221,332,15.0, ABaraappap
4,5,222,295,14.0, ABaraapapp
5,6,242,312,16.0, ABaraapapaa
6,7,229,306,15.0, ABaraapapap
7,8,248,345,16.0, ABalpaapaa
8,9,242,329,15.0, ABaraapaap
9,10,190,336,23.0, ABarapppaa
10,11,178,299,23.0, ABarappaap
11,12,179,324,21.0, ABarapppap
12,13,152,317,23.0, ABarappppp
13,14,160,291,22.0, ABprpapaaa
14,15,162,305,24.0, ABarappapa
15,16,141,293,24.0, ABarappapp
16,17,203,309,19.0, ABarapaapp
17,18,207,332,23.0, ABaraaappp
18,19,216,310,23.0, ABarapaaap
19,20,216,322,19.0, ABaraapppaa
20,21,162,274,19.0, MSpapapa
21,22,174,270,19.0, ABarapapppp
22,23,187,289,20.0, ABarapapppa
23,24,188,302,20.0, ABarapappa
24,25,203,290,23.0, ABarapapap
25,26,176,249,7.0, ABarpaappp
26,27,175,274,8.0, ABarpaappa
27,28,178,294,8.0, ABarpaapap
28,29,210,301,11.0, MSaaappa
29,30,196,314,7.0, ABarpaapaa
30,31,238,364,9.0, ABarpaaaaa
31,32,243,348,7.0, ABarpaaaap
32,33,209,332,7.0, ABarpaaapp
33,34,224,344,8.0, ABarpaaapa
34,35,202,350,9.0, ABarpapaap
35,36,211,355,7.0, ABarpapaaa
36,37,171,317,7.0, ABarpapapp
37,38,193,334,8.0, ABarpapapa
38,39,140,309,8.0, ABarpapppp
39,40,152,323,9.0, ABarpapppa
40,41,175,341,7.0, ABarpappaa
41,42,162,335,9.0, ABarpappap
42,43,201,353,24.0, ABalaapaap
43,44,184,355,23.0, ABalaapapa
44,45,221,363,23.0, ABalaapaaa
45,46,199,377,17.0, ABalaapppp
46,47,208,367,18.0, ABalaapppa
47,48,276,306,20.0, ABalaaaalp
48,49,238,367,21.0, ABalaaaarr
49,50,268,354,19.0, ABalaaaarl
50,51,256,365,16.0, ABalaaapar
51,52,278,338,17.0, ABalaaapal
52,53,279,330,20.0, ABalaaaala
53,54,208,362,21.0, ABalaappap
54,55,212,373,23.0, ABalaappaa
55,56,222,374,19.0, ABalaaappr
56,57,235,373,16.0, ABalaaappl
57,58,260,354,12.0, ABalappaap
58,59,254,364,12.0, ABalappaaa
59,60,209,376,14.0, ABalappapp
60,61,224,377,15.0, ABalappapa
61,62,234,368,13.0, ABalapppaa
62,63,221,358,10.0, ABalapppap
63,64,186,351,9.0, ABalappppp
64,65,208,367,13.0, ABalappppa
65,66,263,293,22.0, ABalppapaa
66,67,268,286,19.0, ABalppaapp
67,68,277,291,19.0, ABalppaapa
68,69,287,323,17.0, ABalppaaaa
69,70,281,322,19.0, ABalppaaap
70,71,248,241,20.0, ABalppappp
71,72,250,272,21.0, ABalppappa
72,73,256,277,23.0, ABalppapap
73,74,255,309,15.0, MSapaaap
74,75,265,321,18.0, MSapaaaa
75,76,232,275,18.0, MSapaap
76,77,245,294,16.0, MSapapaa
77,78,232,281,14.0, MSapapap
78,79,230,293,11.0, MSapappa
79,80,218,274,10.0, MSapappp
80,81,250,276,15.0, ABalpppppa
81,82,242,252,10.0, ABalppppppp
82,83,244,276,12.0, ABalppppppa
83,84,254,293,12.0, ABalppppap
84,85,265,298,15.0, ABalppppaa
85,86,279,304,17.0, ABalpppaaa
86,87,276,289,16.0, ABalpppapa
87,88,264,281,15.0, ABalpppapp
88,89,194,270,18.0, ABalpappppp
90,91,224,280,22.0, ABalpappap
91,92,215,284,19.0, ABalpappppa
92,93,228,306,19.0, ABalpaaapp
93,94,235,265,23.0, ABalpapapa
94,95,226,247,23.0, ABalpapapp
95,96,267,327,23.0, ABalpaappa
96,97,266,309,22.0, ABalpaappp
97,98,248,315,18.0, ABalpaapapp
98,99,249,336,20.0, ABalpaapapa
100,101,247,294,22.0, ABalpapaaa
101,102,251,324,23.0, ABalpaaaaa
102,103,268,347,14.0, ABalapaaaa
103,104,272,333,13.0, ABalapaaap
104,105,274,311,13.0, ABalapaapp
105,106,276,324,15.0, ABalapaapa
106,107,264,313,10.0, ABalapappa
107,108,243,301,8.0, ABalapappp
108,109,258,343,9.0, ABalapapaa
109,110,256,331,10.0, ABalapapap
110,111,234,349,20.0, ABaraaapaa
111,112,230,332,19.0, ABaraaapap
112,113,220,345,23.0, ABaraaappa
113,114,247,360,19.0, ABaraaaapa
114,115,240,348,14.0, ABaraaaapp
115,116,234,350,23.0, ABaraaaaap
116,117,259,346,22.0, ABaraaaaaa
118,119,179,346,22.0, ABalaapapp
119,120,165,329,20.0, ABprpaaaaa
120,121,152,324,21.0, ABprpaaaap
121,122,158,342,22.0, ABprpaaapa
122,123,139,331,22.0, ABprpaaapp
123,124,145,343,19.0, ABprpaapap
124,125,142,325,17.0, ABprpaappa
125,126,125,324,19.0, ABprpaappp
126,127,124,275,23.0, ABprppaapa
127,128,141,259,23.0, ABprpapapp
128,129,140,298,22.0, ABprpapaap
129,130,173,262,23.0, ABprpappap
130,131,175,281,23.0, ABprpappaa
131,132,154,241,19.0, ABprpapppa
132,133,129,310,19.0, ABprppaaaa
133,134,127,308,22.0, ABprppaaap
134,135,122,257,22.0, ABprppaapp
135,136,118,295,22.0, ABprppapaa
136,137,106,275,22.0, ABprppapap
137,138,86,250,22.0, ABprppappp
138,139,104,260,22.0, ABprppappa
139,140,115,233,22.0, ABprppppap
140,141,128,245,22.0, ABprppppaa
141,142,132,218,21.0, ABprpppppa
142,143,102,243,21.0, ABprpppaaa
143,144,103,218,23.0, ABprpppapa
145,146,79,240,14.0, ABprappapp
146,147,86,250,11.0, ABprappapa
147,148,83,257,16.0, ABprappaap
148,149,89,273,17.0, ABprappaaa
149,150,100,244,14.0, Cpppaa
150,151,94,209,14.0, Cppppa
151,152,96,198,23.0, ABprappppp
152,153,82,208,21.0, ABprappppa
153,154,84,236,18.0, ABprapppaa
154,155,89,223,20.0, ABprapppap
155,156,96,233,8.0, ABarpppppa
156,157,93,267,11.0, ABarppppap
157,158,106,286,9.0, ABarppppaa
158,159,138,274,7.0, ABarpppapa
159,160,108,256,8.0, ABarpppapp
160,161,120,292,8.0, ABarpppaap
161,162,146,287,7.0, ABarpppaaa
162,163,200,226,8.0, ABarppaaap
163,164,196,256,7.0, ABarppaaaa
164,165,180,193,7.0, ABarppaapp
165,166,177,229,7.0, ABarppaapa
166,167,168,170,10.0, ABarppappa
167,168,188,184,9.0, ABarppapap
168,169,201,205,8.0, ABarppapaa
169,170,177,360,19.0, ABpraaaapa
170,171,192,368,21.0, ABpraaaaaa
171,172,183,373,18.0, ABpraaaaap
172,173,201,335,19.0, MSppaaap
173,174,212,352,19.0, MSppaaaa
174,175,165,361,16.0, ABpraaaapp
175,176,167,342,15.0, ABpraaapppa
176,177,149,338,13.0, ABpraaapppp
177,178,177,348,17.0, ABpraaappa
178,179,175,355,13.0, ABpraapapa
179,180,166,345,11.0, ABpraapapp
180,181,209,372,9.0, ABpraapaaa
181,182,182,364,15.0, ABpraaapap
182,183,182,363,11.0, ABpraapaap
183,184,118,316,15.0, ABpraapppa
184,185,105,298,17.0, ABpraapppp
185,186,140,344,16.0, ABpraappaa
186,187,134,331,13.0, ABpraappap
188,189,208,263,21.0, ABplpappaa
189,190,198,265,23.0, ABplpappap
190,191,174,245,23.0, ABplpapppa
192,193,211,239,22.0, ABplpapapa
193,194,225,234,21.0, ABplpapaap
194,195,233,245,21.0, ABplpapaaa
195,196,250,255,22.0, ABplpaaaap
196,197,252,262,18.0, ABplpaaapa
197,198,245,247,18.0, ABplpaaapp
198,199,241,260,14.0, ABplpaappa
199,200,242,240,14.0, ABplpaappp
200,201,257,277,17.0, ABplpaapaa
201,202,256,257,15.0, ABplpaapap
202,203,172,207,22.0, ABplppppap
203,204,181,221,23.0, ABplppppaa
204,205,150,197,22.0, ABplpppapp
205,206,160,190,23.0, ABplpppapa
206,207,189,198,24.0, ABplpppaaa
207,208,198,217,22.0, ABplppaapp
208,209,143,175,25.0, ABplappppp
209,210,143,158,22.0, ABplappppa
210,211,176,175,19.0, ABplapppaa
211,212,163,176,21.0, ABplapppap
212,213,212,222,23.0, ABplppaapa
213,214,231,223,15.0, ABplppaaap
214,215,238,230,17.0, ABplppaaaa
215,216,228,218,19.0, ABplppapaa
216,217,212,205,19.0, ABplppapap
217,218,205,202,21.0, ABplppappa
218,219,192,184,21.0, ABplppappp
219,220,138,241,18.0, MSpapppp
220,221,136,267,19.0, MSpapppa
221,222,152,249,22.0, MSpappa
222,223,161,256,18.0, MSpapapp
223,224,174,281,15.0, MSpapaap
224,225,187,287,19.0, MSpapaaa
225,226,215,341,12.0, MSpaaaap
226,227,221,357,15.0, MSpaaaaa
227,228,188,315,11.0, MSpaaapp
228,229,202,330,10.0, MSpaaapa
229,230,188,325,14.0, MSpaapap
230,231,206,328,14.0, MSpaapaa
231,232,173,308,10.0, MSpaapp
232,233,159,322,17.0, MSppppaa
233,234,143,309,14.0, MSppppap
234,235,143,295,11.0, MSppppp
235,236,140,301,18.0, MSpppap
236,237,162,297,18.0, MSpppaa
237,238,180,322,19.0, MSppaap
238,239,191,340,17.0, MSppapaa
239,240,172,325,16.0, MSppapap
240,241,188,341,13.0, MSppappa
241,242,161,320,12.0, MSppappp
242,243,224,242,18.0, MSappap
243,244,204,247,14.0, MSappaap
244,245,216,267,17.0, MSappaaa
245,246,183,220,20.0, MSaapppp
246,247,208,236,18.0, MSaapppa
247,248,184,248,20.0, MSaappa
248,249,206,277,13.0, MSaapaap
249,250,192,254,17.0, MSaapapp
250,251,192,277,15.0, MSaapapa
251,252,215,311,13.0, MSaaapap
252,253,232,319,12.0, MSaaapaa
253,254,195,296,13.0, MSaaappp
254,255,229,330,10.0, MSaaaapa
255,256,251,357,15.0, MSaaaaaa
256,257,240,347,11.0, MSaaaaap
257,258,188,226,11.0, MSappppp
258,259,202,243,11.0, MSappppa
259,260,216,254,12.0, MSapppap
260,261,224,269,13.0, MSapppaa
261,262,191,176,12.0, ABplappapa
262,263,183,170,16.0, ABplappapp
263,264,199,179,17.0, ABplappaap
264,265,208,191,16.0, ABplappaaa
266,267,142,156,20.0, ABplapappp
267,268,154,153,13.0, ABplapapap
268,269,168,158,11.0, ABplapapaa
269,270,211,194,10.0, ABplapaapp
270,271,218,211,9.0, ABplapaapa
271,272,212,248,8.0, ABplaaappp
272,273,219,222,10.0, ABplapaaap
273,274,220,235,9.0, ABplapaaaa
274,275,263,317,8.0, ABplaapaaa
275,276,259,297,9.0, ABplaapaap
276,277,265,281,11.0, ABplaapapa
277,278,253,279,9.0, ABplaapapp
278,279,223,205,13.0, ABplaapppp
279,280,236,227,11.0, ABplaapppa
280,281,243,245,8.0, ABplaappap
281,282,260,262,11.0, ABplaappaa
282,283,212,290,7.0, ABplaaaapp
283,284,223,306,8.0, ABplaaaapa
284,285,238,315,8.0, ABplaaaaap
285,286,248,330,7.0, ABplaaaaaa
286,287,220,263,8.0, ABplaaappa
287,288,235,271,7.0, ABplaaapap
288,289,236,287,7.0, ABplaaapaa
289,290,126,272,11.0, Dpppa
290,291,115,247,12.0, Dpppp
291,292,111,277,15.0, Dppa
292,293,126,284,17.0, Dpap
293,294,126,294,14.0, Dpaa
294,295,165,199,14.0, Dappp
295,296,185,209,12.0, Dappa
296,297,203,211,13.0, Dapa
297,298,207,221,16.0, Daap
298,299,218,238,13.0, Daaa
299,300,177,237,17.0, Z3
300,301,152,221,16.0, Z2
301,302,118,234,8.0, Cpaaap
302,303,148,241,7.0, Cpaaaa
303,304,98,183,10.0, Cpaapp
304,305,109,205,8.0, Cpaapa
305,306,84,196,18.0, ABprapappp
306,307,75,210,19.0, ABprapappa
307,308,75,218,14.0, ABprapapap
308,309,85,223,11.0, ABprapapaa
309,310,93,285,15.0, ABprapaapp
310,311,104,301,12.0, ABprapaapa
311,312,118,306,11.0, ABprapaaap
312,313,132,311,11.0, ABprapaaaa
313,314,127,185,21.0, Capppp
314,315,90,177,19.0, Cpappd
315,316,90,180,14.0, Cpapap
316,317,110,159,16.0, Cpapaa
317,318,105,198,19.0, Cppppp
318,319,112,219,19.0, Cppapp
319,320,116,263,17.0, Cppaaa
320,321,119,239,18.0, Cppaap
321,322,137,171,15.0, Capppa
322,323,165,181,14.0, Cappaa
323,324,152,180,16.0, Cappap
324,325,185,205,16.0, Capaaa
325,326,147,195,19.0, Capapp
326,327,172,189,17.0, Capapa
327,328,141,195,8.0, Caaaap
328,329,166,205,8.0, Caaaaa
329,330,114,162,11.0, Caaapp
330,331,134,175,8.0, Caaapa
331,332,123,161,20.0, Caappd
332,333,120,170,25.0, Caappv
333,334,116,172,22.0, Caapa
334,335,115,209,15.0, Eprpp
335,336,132,222,12.0, Eprpa
336,337,134,236,14.0, Eprap
337,338,150,255,11.0, Epraa
338,339,133,204,17.0, Eplpp
339,340,130,195,13.0, Eplpa
340,341,154,231,11.0, Eplaa
341,342,174,303,13.0, Earaa
342,343,160,273,12.0, Earap
343,344,154,275,16.0, Earpa
344,345,151,254,14.0, Earpp
345,346,173,258,11.0, Ealap
346,347,187,282,11.0, Ealaa
347,348,165,241,13.0, Ealpp
349,350,229,323,23.0, ABarapaaaa
351,352,143,227,21.0, ABprpapppp
352,353,143,273,23.0, ABprpapapa
353,354,154,155,17.0, ABplapappa
357,358,193,360,18.0, ABpraaapaa
359,360,118,199,23.0, ABprpppppp
361,362,219,298,19.0, ABalpapppa
362,363,137,200,21.0, ABplpppppp
363,364,157,213,21.0, ABplpppppa
364,365,192,237,23.0, ABplpapapp
365,366,192,256,13.0, Ealpa
366,367,166,347,19.0, ABprpaapaa
367,368,179,321,23.0, ABarappppa
368,369,108,210,22.0, ABprpppapp
369,370,192,312,23.0, ABarappaaa
371,372,137,154,13.0, ABarppappp
373,374,212,288,16.0, MSaapaaa
375,376,144,207,13.0, Eplap
377,378,83,201,12.0, ABarpppppp
382,383,201,311,21.0, ABarapapaa
384,385,107,182,25.0, Cpappv
389,390,161,228,23.0, ABplpapppp
393,394,226,298,26.0, ABalpapaap
396,397,165,205,18.0, Capaap
398,399,102,224,15.0, Cpppap
399,400,177,184,23.0, ABplpppaap
404,405,102,242,17.0, Cppapa
457,458,213,313,10.0, MSaaaapp
460,461,255,345,19.0, ABaraapaaa
472,473,91,231,23.0, ABprpppaap
485,486,217,323,21.0, ABarapaapa
490,491,245,310,22.5, ABalpaaaap
492,493,226,301,20.5, ABalpappaa
494,495,242,311,20.0, ABalpaaapa
495,496,278,301,15.0, ABalpppaap
496,497,253,273,19.0, ABplpaaaaa
