,index,x,y,z,name
0,1,152,320,14.0, ABprpaaaa
1,2,160,343,14.0, ABprpaaap
2,3,181,370,9.0, ABprpapaa
3,4,185,390,10.0, ABprpapap
4,5,172,386,14.0, ABprpaapp
5,6,160,358,13.0, ABprpaapa
6,7,200,425,10.0, ABprpappp
7,8,196,405,8.0, ABprpappa
8,9,223,462,11.0, ABprppppp
9,10,201,445,12.0, ABprppppa
10,11,186,435,17.0, ABprpppaa
11,12,208,455,17.0, ABprpppap
12,13,175,407,14.0, ABprppaa
13,14,199,415,16.0, ABprppapa
14,15,213,430,16.0, ABprppapp
15,16,176,391,20.0, ABpraappp
16,17,157,372,17.0, ABpraappa
17,18,154,336,20.0, ABpraapaa
18,19,165,358,20.0, ABpraapap
19,20,155,284,19.0, ABpraaapa
20,21,159,313,19.0, ABpraaapp
21,22,163,302,14.0, ABpraaaap
22,23,163,278,13.0, ABpraaaaa
23,24,201,435,21.0, ABprappap
24,25,185,414,21.0, ABprappaa
25,26,224,439,20.0, ABprappp
26,27,174,359,25.0, ABprapaaa
27,28,185,379,26.0, ABprapaap
28,29,211,420,24.0, ABprapapp
29,30,196,394,25.0, ABprapapa
30,31,299,392,12.0, ABplppppp
31,32,293,363,11.0, ABplppppa
32,33,308,372,12.0, ABplpppap
33,34,304,344,12.0, ABplpppaa
34,35,296,305,18.0, ABplpaapp
35,36,302,321,15.0, ABplppaa
36,37,304,356,17.0, ABplppapp
37,38,287,337,17.0, ABplppapa
38,39,280,315,9.0, ABplpappa
39,40,286,345,11.0, ABplpappp
40,41,284,300,11.0, ABplpapap
41,42,274,276,13.0, ABplpapaa
42,43,291,279,18.0, ABplpaapa
43,44,266,251,18.0, ABplpaaaa
44,45,271,276,18.0, ABplpaaap
45,46,167,296,9.0, ABarappaa
46,47,172,323,10.0, ABarappap
47,48,178,319,15.0, ABarapppa
48,49,181,353,11.0, ABarapppp
49,50,205,296,9.0, ABarapaap
50,51,196,270,9.0, ABarapaaa
51,52,190,304,9.0, ABarapapa
52,53,196,331,9.0, ABarapapp
53,54,224,307,9.0, ABaraappp
54,55,221,277,9.0, ABaraappa
55,56,207,235,10.0, ABaraapaa
56,57,221,259,9.0, ABaraapap
57,58,190,233,14.0, ABaraaaa
58,59,185,251,10.0, ABaraaapa
59,60,187,283,11.0, ABaraaapp
60,61,169,270,22.0, ABarpapaa
61,62,170,301,23.0, ABarpapap
62,63,179,339,24.0, ABarpappp
63,64,164,315,24.0, ABarpappa
64,65,195,318,25.0, ABarpaapp
65,66,172,286,26.0, ABarpaapa
66,67,191,251,26.0, ABarpaaaa
67,68,188,275,26.0, ABarpaaap
68,69,232,330,24.0, ABarppaap
69,70,222,309,25.0, ABarppaaa
70,71,250,369,23.0, ABarppapp
71,72,241,347,24.0, ABarppapa
72,73,211,365,24.0, ABarpppap
73,74,200,342,25.0, ABarpppaa
74,75,220,379,23.0, ABarppppa
75,76,176,273,16.0, ABalaappa
76,77,186,293,18.0, ABalaappp
77,78,171,255,15.0, ABalaapa
78,79,186,223,19.0, ABalaaaa
79,80,174,235,20.0, ABalaaapa
80,81,179,252,20.0, ABalaaapp
81,82,215,306,20.0, ABalapppp
82,83,203,281,21.0, ABalapppa
83,84,218,292,24.0, ABalapapp
84,85,217,267,25.0, ABalapapa
85,86,195,262,21.0, ABalappa
86,87,197,236,23.0, ABalapaaa
87,88,218,253,25.0, ABalapaap
88,89,260,303,19.0, ABalppppp
89,90,248,277,21.0, ABalppppa
90,91,219,243,20.0, ABalpppaa
91,92,237,264,20.0, ABalpppap
92,93,239,220,16.0, ABalppaa
93,94,260,262,12.0, ABalppapp
94,95,256,236,16.0, ABalppapa
95,96,240,241,19.0, ABalpaapp
97,98,207,219,16.0, ABalpaaa
98,99,224,227,12.0, ABalpapaa
99,100,238,248,12.0, ABalpapap
100,101,253,282,9.0, ABalpappp
101,102,239,259,8.0, ABalpappa
102,103,285,413,24.0, Caaap
103,104,273,376,26.0, Caaaa
104,105,303,405,20.0, Caapp
105,106,306,390,23.0, Caapa
106,107,287,418,16.0, Capp
107,108,300,443,20.0, Capa
108,109,280,463,17.0, Cpapp
109,110,247,463,23.0, Cpapa
110,111,266,441,23.0, Cpaap
111,112,237,400,23.0, ABarppppp
112,113,234,421,26.0, Cpaaa
113,114,259,448,9.0, Dpp
114,115,260,443,17.0, Cppp
115,116,235,465,15.0, Cppa
116,117,276,380,10.0, Daa
117,118,277,426,10.0, Dap
118,119,223,425,10.0, Dpa
119,120,243,364,11.0, Z3
120,121,243,404,10.0, Z2
121,122,255,346,8.0, MSaapp
122,123,256,308,10.0, MSaapa
123,124,205,251,16.0, MSaaaa
124,125,230,286,15.0, MSaaap
125,126,276,355,18.0, MSappp
126,127,265,337,12.0, MSappa
127,128,251,297,14.0, MSapaa
128,129,266,319,15.0, MSapap
129,130,204,292,15.0, MSpaaa
130,131,217,320,14.0, MSpaap
131,132,222,337,9.0, MSpapa
132,133,217,375,9.0, MSpapp
133,134,209,393,13.0, MSpppp
134,135,199,379,14.0, MSpppa
135,136,189,361,15.0, MSppap
136,137,194,336,14.0, MSppaa
137,138,214,366,19.0, Earp
138,139,193,328,20.0, Eara
139,140,291,315,22.0, ABplaappp
140,141,284,278,22.0, ABplaappa
141,142,255,243,23.0, ABplaapaa
142,143,272,265,24.0, ABplaapap
143,144,249,301,25.0, ABplaaapp
144,145,241,275,25.0, ABplaaapa
145,146,299,388,16.0, ABplapppp
146,147,302,374,19.0, ABplapppa
147,148,304,367,22.0, ABplappap
148,149,295,335,23.0, ABplappaa
149,150,266,286,26.0, ABplapaaa
150,151,262,318,25.0, ABplapaap
151,152,284,361,24.0, ABplapapp
152,153,269,335,26.0, ABplapapa
155,156,226,391,18.0, Epra
156,157,267,398,16.0, Eplp
157,158,257,372,17.0, Epla
158,159,237,315,19.0, Eala
159,160,244,352,15.0, Ealp
160,161,243,259,25.0, ABplaaaap
161,162,231,231,24.0, ABplaaaaa
163,164,216,218,22.0, ABalpaapa
165,166,242,418,15.0, Eprp
