,index,x,y,z,name
0,1,150,313,14.0, ABprpaaaa
1,2,154,343,15.0, ABprpaaap
2,3,184,362,9.0, ABprpapaa
3,4,185,385,9.0, ABprpapap
4,5,171,380,13.0, ABprpaapp
5,6,158,358,12.0, ABprpaapa
6,7,190,419,11.0, ABprpappp
7,8,194,401,8.0, ABprpappa
8,9,213,460,11.0, ABprppppp
9,10,195,440,12.0, ABprppppa
10,11,181,428,16.0, ABprpppaa
11,12,206,455,18.0, ABprpppap
12,13,175,400,14.0, ABprppaa
13,14,195,409,16.0, ABprppapa
14,15,211,432,16.0, ABprppapp
15,16,175,382,20.0, ABpraappp
16,17,157,369,17.0, ABpraappa
17,18,151,329,20.0, ABpraapaa
18,19,162,355,21.0, ABpraapap
19,20,156,278,19.0, ABpraaapa
20,21,154,309,20.0, ABpraaapp
21,22,162,297,15.0, ABpraaaap
22,23,162,271,13.0, ABpraaaaa
23,24,194,431,21.0, ABprappap
24,25,178,406,20.0, ABprappaa
25,26,232,447,19.0, ABprapppp
26,27,209,433,21.0, ABprapppa
27,28,170,361,25.0, ABprapaaa
28,29,190,378,25.0, ABprapaap
29,30,204,420,25.0, ABprapapp
30,31,196,394,24.0, ABprapapa
31,32,299,393,10.0, ABplppppp
32,33,291,362,11.0, ABplppppa
33,34,304,374,13.0, ABplpppap
34,35,304,346,12.0, ABplpppaa
35,36,296,306,18.0, ABplpaapp
36,37,291,311,15.0, ABplppaaa
37,38,305,329,15.0, ABplppaap
38,39,302,358,17.0, ABplppapp
39,40,286,338,16.0, ABplppapa
40,41,283,315,9.0, ABplpappa
41,42,284,344,10.0, ABplpappp
42,43,280,300,11.0, ABplpapap
43,44,276,277,13.0, ABplpapaa
44,45,291,281,18.0, ABplpaapa
45,46,269,251,19.0, ABplpaaaa
46,47,270,278,17.0, ABplpaaap
47,48,168,287,11.0, ABarappaa
48,49,172,321,9.0, ABarappap
49,50,173,314,15.0, ABarapppa
50,51,178,344,12.0, ABarapppp
51,52,205,302,9.0, ABarapaap
52,53,201,269,9.0, ABarapaaa
53,54,185,301,9.0, ABarapapa
54,55,197,332,9.0, ABarapapp
55,56,226,306,8.0, ABaraappp
56,57,223,275,8.0, ABaraappa
57,58,211,231,10.0, ABaraapaa
58,59,225,258,10.0, ABaraapap
59,60,192,238,12.0, ABaraaaa
60,61,184,253,10.0, ABaraaapa
61,62,189,283,10.0, ABaraaapp
62,63,175,271,23.0, ABarpapaa
63,64,161,298,24.0, ABarpapap
64,65,176,339,24.0, ABarpappp
65,66,159,316,25.0, ABarpappa
66,67,193,317,25.0, ABarpaapp
67,68,174,284,26.0, ABarpaapa
68,69,191,248,25.0, ABarpaaaa
69,70,191,272,27.0, ABarpaaap
70,71,228,332,25.0, ABarppaap
71,72,221,308,25.0, ABarppaaa
72,73,250,373,22.0, ABarppapp
73,74,242,348,25.0, ABarppapa
74,75,212,366,24.0, ABarpppap
75,76,194,346,25.0, ABarpppaa
76,77,223,382,24.0, ABarppppa
77,78,175,270,17.0, ABalaappa
78,79,180,293,20.0, ABalaappp
79,80,174,253,15.0, ABalaapa
80,81,186,229,17.0, ABalaaaa
81,82,168,231,20.0, ABalaaapa
82,83,176,255,20.0, ABalaaapp
83,84,214,309,20.0, ABalapppp
84,85,202,287,22.0, ABalapppa
85,86,224,292,23.0, ABalapapp
86,87,219,267,24.0, ABalapapa
87,88,203,271,21.0, ABalappap
88,89,194,252,21.0, ABalappaa
89,90,197,236,22.0, ABalapaaa
90,91,220,250,24.0, ABalapaap
91,92,258,304,20.0, ABalppppp
92,93,250,278,21.0, ABalppppa
93,94,221,243,20.0, ABalpppaa
94,95,241,266,19.0, ABalpppap
95,96,251,228,17.0, ABalppaap
96,97,230,220,16.0, ABalppaaa
97,98,259,267,13.0, ABalppapp
98,99,259,243,16.0, ABalppapa
99,100,238,247,18.0, ABalpaapp
101,102,197,219,15.0, ABalpaaaa
102,103,221,222,14.0, ABalpaaap
103,104,230,232,11.0, ABalpapaa
104,105,244,245,11.0, ABalpapap
105,106,254,283,8.0, ABalpappp
106,107,245,261,8.0, ABalpappa
107,108,285,416,23.0, Caaap
108,109,274,379,26.0, Caaaa
109,110,303,411,19.0, Caapp
110,111,303,388,23.0, Caapa
111,112,289,405,15.0, Cappa
112,113,284,431,14.0, Cappp
113,114,295,446,18.0, Capa
114,115,273,466,16.0, Cpapp
115,116,246,463,24.0, Cpapa
116,117,266,439,24.0, Cpaap
117,118,238,404,23.0, ABarppppp
118,119,229,425,26.0, Cpaaa
119,120,251,444,9.0, Dpp
120,121,255,442,17.0, Cppp
121,122,229,458,14.0, Cppa
122,123,276,380,10.0, Daa
123,124,270,422,10.0, Dap
124,125,217,418,11.0, Dpa
125,126,242,362,11.0, Z3
126,127,240,399,10.0, Z2
127,128,255,345,8.0, MSaapp
128,129,253,309,10.0, MSaapa
129,130,204,255,16.0, MSaaaa
130,131,227,286,14.0, MSaaap
131,132,272,350,18.0, MSappp
132,133,264,338,13.0, MSappa
133,134,241,299,16.0, MSapaa
134,135,263,320,16.0, MSapap
135,136,198,289,15.0, MSpaaa
136,137,213,319,14.0, MSpaap
137,138,223,335,10.0, MSpapa
138,139,218,375,9.0, MSpapp
139,140,202,388,14.0, MSpppp
140,141,200,371,14.0, MSpppa
141,142,187,353,14.0, MSppap
142,143,190,326,13.0, MSppaa
143,144,213,366,19.0, Earp
144,145,191,327,20.0, Eara
145,146,293,320,21.0, ABplaappp
146,147,284,280,22.0, ABplaappa
147,148,256,247,23.0, ABplaapaa
148,149,271,270,25.0, ABplaapap
149,150,248,307,25.0, ABplaaapp
150,151,242,276,26.0, ABplaaapa
151,152,302,393,17.0, ABplapppp
152,153,307,371,19.0, ABplapppa
153,154,305,368,23.0, ABplappap
154,155,297,338,23.0, ABplappaa
155,156,269,291,26.0, ABplapaaa
156,157,265,321,25.0, ABplapaap
157,158,282,367,24.0, ABplapapp
158,159,271,339,25.0, ABplapapa
161,162,226,390,18.0, Epra
162,163,266,400,17.0, Eplp
163,164,260,374,17.0, Epla
164,165,236,317,20.0, Eala
165,166,242,355,16.0, Ealp
166,167,240,259,26.0, ABplaaaap
167,168,232,230,24.0, ABplaaaaa
169,170,213,217,20.0, ABalpaapa
171,172,239,417,16.0, Eprp
