,index,x,y,z,name
0,1,148,315,15.0, ABprpaaaa
1,2,154,342,14.0, ABprpaaap
2,3,190,358,9.0, ABprpapaa
3,4,180,377,9.0, ABprpapap
4,5,165,372,13.0, ABprpaapp
5,6,158,355,12.0, ABprpaapa
6,7,189,410,10.0, ABprpappp
7,8,187,392,9.0, ABprpappa
8,9,204,450,10.0, ABprppppp
9,10,190,431,12.0, ABprppppa
10,11,181,424,16.0, ABprpppaa
11,12,201,449,18.0, ABprpppap
12,13,165,390,14.0, ABprppaaa
13,14,179,408,14.0, ABprppaap
14,15,197,407,16.0, ABprppapa
15,16,210,432,16.0, ABprppapp
16,17,172,376,20.0, ABpraappp
17,18,156,364,19.0, ABpraappa
18,19,152,324,21.0, ABpraapaa
19,20,157,350,22.0, ABpraapap
20,21,154,274,18.0, ABpraaapa
21,22,158,307,19.0, ABpraaapp
22,23,155,297,15.0, ABpraaaap
23,24,159,273,12.0, ABpraaaaa
24,25,190,430,22.0, ABprappap
25,26,177,403,21.0, ABprappaa
26,27,229,451,21.0, ABprapppp
27,28,208,432,22.0, ABprapppa
28,29,169,360,26.0, ABprapaaa
29,30,194,372,25.0, ABprapaap
30,31,203,418,26.0, ABprapapp
31,32,195,389,23.0, ABprapapa
32,33,296,383,9.0, ABplppppp
33,34,284,358,10.0, ABplppppa
34,35,307,372,13.0, ABplpppap
35,36,299,345,11.0, ABplpppaa
36,37,292,308,17.0, ABplpaapp
37,38,283,311,13.0, ABplppaaa
38,39,303,327,14.0, ABplppaap
39,40,295,360,15.0, ABplppapp
40,41,285,336,15.0, ABplppapa
41,42,279,314,9.0, ABplpappa
42,43,282,337,10.0, ABplpappp
43,44,276,298,10.0, ABplpapap
44,45,277,278,11.0, ABplpapaa
45,46,293,283,16.0, ABplpaapa
46,47,270,249,18.0, ABplpaaaa
47,48,278,275,16.0, ABplpaaap
48,49,170,291,10.0, ABarappaa
49,50,172,321,8.0, ABarappap
50,51,165,314,14.0, ABarapppa
51,52,180,339,11.0, ABarapppp
52,53,200,296,9.0, ABarapaap
53,54,199,266,8.0, ABarapaaa
54,55,186,303,8.0, ABarapapa
55,56,203,339,9.0, ABarapapp
56,57,225,296,8.0, ABaraappp
57,58,222,269,8.0, ABaraappa
58,59,212,230,10.0, ABaraapaa
59,60,225,256,11.0, ABaraapap
60,61,202,249,9.0, ABaraaaap
61,62,183,231,12.0, ABaraaaaa
62,63,182,250,10.0, ABaraaapa
63,64,185,279,8.0, ABaraaapp
64,65,179,264,24.0, ABarpapaa
65,66,159,292,25.0, ABarpapap
66,67,174,336,24.0, ABarpappp
67,68,161,309,24.0, ABarpappa
68,69,191,316,25.0, ABarpaapp
69,70,183,282,26.0, ABarpaapa
70,71,190,248,25.0, ABarpaaaa
71,72,202,273,25.0, ABarpaaap
72,73,231,330,25.0, ABarppaap
73,74,219,304,25.0, ABarppaaa
74,75,255,371,22.0, ABarppapp
75,76,243,346,24.0, ABarppapa
76,77,215,364,24.0, ABarpppap
77,78,192,345,26.0, ABarpppaa
78,79,223,381,24.0, ABarppppa
79,80,177,263,18.0, ABalaappa
80,81,175,290,20.0, ABalaappp
81,82,170,240,15.0, ABalaapaa
82,83,164,263,15.0, ABalaapap
83,84,195,222,21.0, ABalaaaal
84,85,184,223,16.0, ABalaaaar
85,86,175,223,20.0, ABalaaapa
86,87,170,248,21.0, ABalaaapp
87,88,209,303,20.0, ABalapppp
88,89,197,283,22.0, ABalapppa
89,90,227,282,23.0, ABalapapp
90,91,227,259,24.0, ABalapapa
91,92,204,268,20.0, ABalappap
92,93,188,242,21.0, ABalappaa
93,94,192,233,23.0, ABalapaaa
94,95,219,244,25.0, ABalapaap
95,96,264,294,21.0, ABalppppp
96,97,252,268,21.0, ABalppppa
97,98,214,239,20.0, ABalpppaa
98,99,238,257,19.0, ABalpppap
99,100,254,229,18.0, ABalppaap
100,101,233,212,17.0, ABalppaaa
101,102,263,267,13.0, ABalppapp
102,103,257,243,15.0, ABalppapa
103,104,230,242,16.0, ABalpaapp
105,106,196,224,13.0, ABalpaaaa
106,107,224,218,14.0, ABalpaaap
107,108,234,228,11.0, ABalpapaa
108,109,243,242,11.0, ABalpapap
109,110,252,276,8.0, ABalpappp
110,111,243,256,8.0, ABalpappa
111,112,284,413,23.0, Caaap
112,113,276,381,26.0, Caaaa
113,114,298,411,17.0, Caapp
114,115,305,387,23.0, Caapa
115,116,291,399,12.0, Cappa
116,117,275,426,13.0, Cappp
117,118,286,438,16.0, Capa
118,119,269,466,16.0, Cpapp
119,120,249,459,23.0, Cpapa
120,121,270,437,23.0, Cpaap
121,122,238,407,24.0, ABarppppp
122,123,232,428,25.0, Cpaaa
123,124,242,427,10.0, Dpp
124,125,241,436,17.0, Cpppa
125,126,259,447,13.0, Cpppp
126,127,227,450,12.0, Cppa
127,128,270,377,10.0, Daa
128,129,264,412,10.0, Dap
129,130,213,412,11.0, Dpa
130,131,241,359,12.0, Z3
131,132,237,394,10.0, Z2
132,133,251,345,8.0, MSaapp
133,134,246,291,12.0, MSaapaa
134,135,249,322,10.0, MSaapap
135,136,199,253,15.0, MSaaaa
136,137,221,286,15.0, MSaaap
137,138,269,341,18.0, MSappp
138,139,259,334,13.0, MSappa
139,140,242,282,18.0, MSapaa
140,141,262,309,16.0, MSapap
141,142,184,278,14.0, MSpaaaa
142,143,191,290,16.0, MSpaaap
143,144,207,312,14.0, MSpaap
144,145,213,315,9.0, MSpapaa
145,146,228,344,10.0, MSpapap
146,147,215,374,9.0, MSpapp
147,148,195,383,16.0, MSpppp
148,149,200,362,14.0, MSpppa
149,150,179,348,15.0, MSppap
150,151,184,316,13.0, MSppaa
151,152,216,360,19.0, Earp
152,153,192,326,19.0, Eara
153,154,289,318,21.0, ABplaappp
154,155,288,280,22.0, ABplaappa
155,156,255,246,23.0, ABplaapaa
156,157,276,271,24.0, ABplaapap
157,158,248,301,26.0, ABplaaapp
158,159,246,266,26.0, ABplaaapa
159,160,303,390,17.0, ABplapppp
160,161,305,372,19.0, ABplapppa
161,162,306,359,22.0, ABplappap
162,163,297,335,23.0, ABplappaa
163,164,273,292,26.0, ABplapaaa
164,165,264,322,26.0, ABplapaap
165,166,286,367,22.0, ABplapapp
166,167,270,339,25.0, ABplapapa
169,170,223,384,18.0, Epra
170,171,266,399,18.0, Eplp
171,172,261,369,18.0, Epla
172,173,232,312,20.0, Eala
173,174,243,350,18.0, Ealp
174,175,245,247,26.0, ABplaaaap
175,176,235,227,22.0, ABplaaaaa
177,178,210,217,18.0, ABalpaapa
179,180,236,409,16.0, Eprp
