,index,x,y,z,name
0,1,155,319,14.0, ABprpaaaa
1,2,154,342,14.0, ABprpaaap
2,3,180,356,10.0, ABprpapaa
3,4,166,368,12.0, ABprpapap
4,5,166,367,16.0, ABprpaapp
5,6,158,352,17.0, ABprpaapa
6,7,193,389,10.0, ABprpappp
7,8,182,377,9.0, ABprpappa
8,9,199,417,9.0, ABprppppp
9,10,190,423,13.0, ABprppppa
10,11,179,420,17.0, ABprpppaa
11,12,194,438,18.0, ABprpppap
12,13,166,387,15.0, ABprppaaa
13,14,175,403,14.0, ABprppaap
14,15,188,403,18.0, ABprppapa
15,16,204,425,18.0, ABprppapp
16,17,175,372,23.0, ABpraappp
17,18,157,358,22.0, ABpraappa
18,19,156,304,23.0, ABpraapaa
19,20,159,335,23.0, ABpraapap
20,21,157,288,19.0, ABpraaapa
21,22,159,314,19.0, ABpraaapp
22,23,151,298,15.0, ABpraaaap
23,24,154,274,15.0, ABpraaaaa
24,25,193,425,23.0, ABprappap
25,26,177,404,22.0, ABprappaa
26,27,214,450,19.0, ABprapppp
27,28,206,442,24.0, ABprapppa
28,29,171,355,26.0, ABprapaaa
29,30,196,375,25.0, ABprapaap
30,31,214,423,26.0, ABprapapp
31,32,195,394,24.0, ABprapapa
32,33,289,384,9.0, ABplppppp
33,34,283,355,10.0, ABplppppa
34,35,306,372,12.0, ABplpppap
35,36,300,346,12.0, ABplpppaa
36,37,295,308,17.0, ABplpaapp
37,38,288,313,14.0, ABplppaaa
38,39,297,327,12.0, ABplppaap
39,40,294,366,15.0, ABplppapp
40,41,300,338,16.0, ABplppapa
41,42,271,312,9.0, ABplpappa
42,43,276,334,9.0, ABplpappp
43,44,278,296,11.0, ABplpapap
44,45,277,275,11.0, ABplpapaa
45,46,291,285,19.0, ABplpaapa
46,47,274,257,17.0, ABplpaaaa
47,48,288,282,16.0, ABplpaaap
48,49,175,297,10.0, ABarappaa
49,50,186,330,10.0, ABarappap
50,51,167,318,10.0, ABarapppa
51,52,175,340,13.0, ABarapppp
52,53,193,287,9.0, ABarapaap
53,54,196,265,9.0, ABarapaaa
54,55,198,308,9.0, ABarapapa
55,56,207,337,9.0, ABarapapp
56,57,215,300,10.0, ABaraappp
57,58,213,278,11.0, ABaraappa
58,59,213,237,10.0, ABaraapaa
59,60,216,258,11.0, ABaraapap
60,61,197,246,10.0, ABaraaaap
61,62,189,225,13.0, ABaraaaaa
62,63,181,249,11.0, ABaraaapa
63,64,176,276,10.0, ABaraaapp
64,65,186,267,27.0, ABarpapaa
65,66,175,290,27.0, ABarpapap
66,67,181,331,26.0, ABarpappp
67,68,176,308,26.0, ABarpappa
68,69,204,318,25.0, ABarpaapp
69,70,213,288,26.0, ABarpaapa
70,71,192,244,27.0, ABarpaaaa
71,72,211,266,26.0, ABarpaaap
72,73,244,337,25.0, ABarppaap
73,74,227,306,25.0, ABarppaaa
74,75,266,374,23.0, ABarppapp
75,76,256,353,25.0, ABarppapa
76,77,211,363,25.0, ABarpppap
77,78,196,346,25.0, ABarpppaa
78,79,221,379,24.0, ABarppppa
79,80,170,254,19.0, ABalaappa
80,81,172,278,22.0, ABalaappp
81,82,173,237,15.0, ABalaapaa
82,83,161,256,16.0, ABalaapap
83,84,206,217,21.0, ABalaaaal
84,85,190,217,16.0, ABalaaaar
85,86,184,223,20.0, ABalaaapa
86,87,169,235,20.0, ABalaaapp
87,88,194,301,22.0, ABalapppp
88,89,191,277,23.0, ABalapppa
89,90,238,276,22.0, ABalapapp
90,91,228,257,23.0, ABalapapa
91,92,193,259,22.0, ABalappap
92,93,184,238,23.0, ABalappaa
93,94,205,234,22.0, ABalapaaa
94,95,222,241,23.0, ABalapaap
95,96,262,293,22.0, ABalppppp
96,97,265,264,22.0, ABalppppa
97,98,228,249,19.0, ABalpppaa
98,99,254,248,20.0, ABalpppap
99,100,263,237,15.0, ABalppaap
100,101,248,225,18.0, ABalppaaa
101,102,258,277,12.0, ABalppapp
102,103,262,253,13.0, ABalppapa
103,104,234,243,15.0, ABalpaapp
104,105,207,218,14.0, ABalpaaaa
105,106,231,220,13.0, ABalpaaap
106,107,234,237,11.0, ABalpapaa
107,108,243,252,11.0, ABalpapap
108,109,238,291,9.0, ABalpappp
109,110,233,267,9.0, ABalpappa
110,111,290,422,22.0, Caaap
111,112,282,391,26.0, Caaaa
112,113,306,421,16.0, Caapp
113,114,308,404,21.0, Caapa
114,115,288,407,14.0, Cappa
115,116,280,430,14.0, Cappp
116,117,270,432,10.0, Capaa
117,118,286,449,17.0, Capap
118,119,259,468,17.0, Cpapp
119,120,253,455,22.0, Cpapa
120,121,263,438,25.0, Cpaap
121,122,233,403,23.0, ABarppppp
122,123,247,411,26.0, Cpaaa
123,124,231,428,13.0, Dpp
124,125,235,451,17.0, Cpppa
125,126,259,444,14.0, Cpppp
126,127,206,436,12.0, Cppaa
127,128,238,451,10.0, Cppap
128,129,273,379,12.0, Daa
129,130,261,414,12.0, Dap
130,131,211,399,12.0, Dpa
131,132,242,359,14.0, Z3
132,133,239,393,13.0, Z2
133,134,249,337,8.0, MSaappa
134,135,258,363,10.0, MSaappp
135,136,241,299,13.0, MSaapaa
136,137,244,326,10.0, MSaapap
137,138,197,239,17.0, MSaaaaa
138,139,202,265,19.0, MSaaaap
139,140,218,277,16.0, MSaaapa
140,141,228,307,16.0, MSaaapp
141,142,278,353,17.0, MSapppp
142,143,277,328,18.0, MSapppa
143,144,259,317,14.0, MSappaa
144,145,264,336,14.0, MSappap
145,146,244,294,17.0, MSapaap
146,147,247,264,16.0, MSapaaa
147,148,267,293,16.0, MSapapa
148,149,263,321,19.0, MSapapp
149,150,177,266,15.0, MSpaaaa
150,151,192,289,19.0, MSpaaap
151,152,198,299,15.0, MSpaapa
152,153,219,320,16.0, MSpaapp
153,154,216,320,13.0, MSpapaa
154,155,229,349,11.0, MSpapap
155,156,227,384,10.0, MSpappp
156,157,211,360,9.0, MSpappa
157,158,192,379,17.0, MSpppp
158,159,206,361,13.0, MSpppap
159,160,194,350,14.0, MSpppaa
160,161,191,354,19.0, MSppapp
161,162,171,331,18.0, MSppapa
162,163,173,300,15.0, MSppaaa
163,164,188,325,15.0, MSppaap
164,165,221,355,18.0, Earp
165,166,205,325,20.0, Eara
166,167,296,319,22.0, ABplaappp
167,168,287,294,23.0, ABplaappa
168,169,259,248,25.0, ABplaapaa
169,170,277,275,26.0, ABplaapap
170,171,252,308,26.0, ABplaaapp
171,172,250,274,27.0, ABplaaapa
172,173,304,392,14.0, ABplapppp
173,174,313,384,18.0, ABplapppa
174,175,308,365,20.0, ABplappap
175,176,301,344,21.0, ABplappaa
176,177,277,300,27.0, ABplapaaa
177,178,273,330,26.0, ABplapaap
178,179,299,383,22.0, ABplapapp
179,180,283,346,25.0, ABplapapa
181,182,223,382,19.0, Epra
182,183,268,405,19.0, Eplp
183,184,262,370,19.0, Epla
184,185,234,305,21.0, Eala
185,186,252,345,18.0, Ealp
186,187,237,257,26.0, ABplaaaap
187,188,239,234,26.0, ABplaaaaa
188,189,221,217,19.0, ABalpaapa
189,190,236,416,19.0, Eprp
