,index,x,y,z,name
0,1,154,280,15.0, ABpraaaapa
1,2,167,284,14.0, ABprpaaaaa
2,3,154,304,14.0, ABprpaaaap
3,4,153,341,14.0, ABprpaaapp
4,5,153,320,13.0, ABprpaaapa
5,6,176,375,11.0, ABprppaapp
6,7,170,354,13.0, ABprppaapa
7,8,190,359,11.0, ABprpapaap
8,9,170,345,10.0, ABprpapapa
9,10,187,362,9.0, ABprpapapp
10,11,156,359,16.0, ABprpaappp
11,12,151,343,17.0, ABprpaappa
12,13,150,312,17.0, ABprpaapaa
13,14,157,329,17.0, ABprpaapap
14,15,212,392,8.0, ABprpapppp
15,16,197,372,9.0, ABprpapppa
16,17,190,338,9.0, ABprpappaa
17,18,206,356,9.0, ABprpappap
18,19,228,428,9.0, ABprpppppp
19,20,227,404,9.0, ABprpppppa
20,21,203,409,9.0, ABprppppap
21,22,190,390,9.0, ABprppppaa
22,23,190,421,9.0, ABprpppaap
23,24,177,399,11.0, ABprpppaaa
24,25,219,440,9.0, ABprpppapp
25,26,199,431,9.0, ABprpppapa
26,27,170,347,16.0, ABprppaaa
27,28,164,369,14.0, ABprppapaa
28,29,169,389,12.0, ABprppapap
29,30,184,422,12.0, ABprppappp
30,31,172,404,14.0, ABprppappa
31,32,167,379,19.0, ABpraapppp
32,33,162,359,21.0, ABpraapppa
33,34,149,319,22.0, ABpraappaa
34,35,157,340,22.0, ABpraappap
35,36,164,275,26.0, ABpraapaaa
36,37,162,298,25.0, ABpraapaap
37,38,158,312,25.0, ABpraapapa
38,39,167,328,25.0, ABpraapapp
39,40,160,281,22.0, ABpraaapap
40,41,174,270,20.0, ABpraaapaa
41,42,165,310,20.0, ABpraaappp
42,43,171,290,19.0, ABpraaappa
43,44,149,300,18.0, ABpraaaapp
44,45,155,278,18.0, ABpraaaaap
45,46,158,260,20.0, ABpraaaaaa
46,47,185,421,22.0, ABprappapa
47,48,193,442,18.0, ABprappapp
48,49,180,422,16.0, ABprappaap
49,50,170,400,18.0, ABprappaaa
50,51,209,448,12.0, ABprapppp
51,52,195,434,15.0, ABprapppa
52,53,170,376,23.0, ABprapaaap
53,54,167,349,25.0, ABprapaaaa
54,55,180,403,22.0, ABprapaapp
55,56,179,385,24.0, ABprapaapa
56,57,208,457,16.0, ABprapappp
57,58,217,456,22.0, ABprapappa
58,59,202,446,22.0, ABprapapap
59,60,194,423,26.0, ABprapapaa
60,61,246,409,9.0, ABplpppppp
61,62,259,389,8.0, ABplpppppa
62,63,255,372,8.0, ABplpapppp
63,64,273,373,9.0, ABplppppap
64,65,276,353,9.0, ABplppppaa
65,66,291,381,9.0, ABplpppaap
66,67,269,410,8.0, ABplpppapp
67,68,282,394,9.0, ABplpppapa
68,69,291,357,10.0, ABplpppaaa
69,70,293,287,18.0, ABplpaapap
70,71,298,299,18.0, ABplpaappa
71,72,300,313,14.0, ABplpaappp
72,73,282,306,14.0, ABplppaaa
73,74,287,343,10.0, ABplppaapp
74,75,286,330,10.0, ABplppaapa
75,76,289,382,11.0, ABplppappp
76,77,306,362,12.0, ABplppappa
77,78,302,346,11.0, ABplppapap
78,79,295,327,14.0, ABplppapaa
79,80,255,311,9.0, ABplpappaa
80,81,243,324,8.0, ABplpappap
81,82,254,334,8.0, ABplpapppa
82,83,269,338,9.0, ABplpapapp
83,84,277,317,9.0, ABplpapapa
84,85,272,308,10.0, ABplpapaap
85,86,263,292,11.0, ABplpapaaa
86,87,281,268,18.0, ABplpaapaa
87,88,263,257,15.0, ABplpaaaaa
88,89,270,274,14.0, ABplpaaaap
89,90,295,294,15.0, ABplpaaapp
90,91,282,278,16.0, ABplpaaapa
91,92,188,301,10.0, ABarappaaa
92,93,187,321,11.0, ABarappaap
93,94,176,331,9.0, ABarappapp
94,95,170,306,12.0, ABarappppa
95,96,169,311,9.0, ABarappapa
96,97,171,294,10.0, ABarapppap
97,98,187,287,9.0, ABarapppaa
98,99,170,329,13.0, ABarappppp
99,100,183,340,13.0, ABprpapaaa
100,101,205,279,11.0, ABarapaapa
101,102,210,294,10.0, ABarapaapp
102,103,203,264,9.0, ABarapaaaa
103,104,198,283,8.0, ABarapaaap
104,105,199,321,8.0, ABarapapap
105,106,207,304,8.0, ABarapapaa
106,107,206,332,9.0, ABarapappp
107,108,199,311,12.0, ABarapappa
108,109,212,300,13.0, ABaraapppp
109,110,213,281,14.0, ABaraapppa
110,111,191,254,16.0, ABaraappaa
111,112,200,274,16.0, ABaraappap
112,113,210,262,15.0, ABaraapaap
113,114,211,243,15.0, ABaraapaaa
114,115,229,255,16.0, ABaraapapa
115,116,229,277,14.0, ABaraapapp
116,117,204,245,18.0, ABaraaaap
117,118,192,233,13.0, ABaraaaaa
118,119,195,239,9.0, ABaraaapaa
119,120,190,256,11.0, ABaraaapap
120,121,174,257,12.0, ABaraaappa
121,122,182,271,10.0, ABaraaappp
122,123,202,316,26.0, ABarpapapp
123,124,192,298,26.0, ABarpapapa
124,125,188,361,22.0, ABarpapppp
125,126,186,342,24.0, ABarpapppa
126,127,185,332,26.0, ABarpappap
127,128,177,309,25.0, ABarpappaa
128,129,248,351,26.0, ABarpaappp
129,130,217,334,26.0, ABarpaappa
130,131,240,321,26.0, ABarpaapap
131,132,215,303,26.0, ABarpaapaa
132,133,208,249,26.0, ABarpaaaaa
133,134,209,273,26.0, ABarpaaaap
134,135,217,293,26.0, ABarpaaapp
135,136,212,277,24.0, ABarpaaapa
136,137,277,381,27.0, ABarppaapp
137,138,257,367,26.0, ABarppaapa
138,139,273,352,25.0, ABarppaaap
139,140,258,336,26.0, ABarppaaaa
140,141,295,424,21.0, ABarppappp
141,142,297,403,23.0, ABarppappa
142,143,293,386,24.0, ABarppapap
143,144,289,361,24.0, ABarppapaa
144,145,227,363,26.0, ABarpppapa
145,146,214,393,25.0, ABarpppapp
146,147,201,342,26.0, ABarpppaaa
147,148,201,363,26.0, ABarpppaap
148,149,201,379,24.0, ABarppppaa
149,150,198,405,25.0, ABarppppap
150,151,169,252,21.0, ABalaappap
151,152,172,240,22.0, ABalaapppa
152,153,168,258,24.0, ABalaapppp
153,154,163,238,17.0, ABalaappaa
154,155,170,244,14.0, ABalaapaa
155,156,161,259,16.0, ABalaapap
156,157,220,211,20.0, ABalaaapal
157,158,213,215,16.0, ABalaaaala
158,159,233,224,15.0, ABalaaaalp
159,160,194,219,16.0, ABalaaaar
160,161,205,213,22.0, ABalaaapar
161,162,188,220,20.0, ABalaaappl
162,163,167,238,19.0, ABalaaappr
163,164,177,285,23.0, ABalappppa
164,165,184,307,22.0, ABalappppp
165,166,179,267,27.0, ABarpapaaa
166,167,190,284,26.0, ABarpapaap
167,168,202,237,25.0, ABalapppaa
168,169,192,260,24.0, ABalapppap
169,170,241,266,22.0, ABalapappa
170,171,247,287,21.0, ABalapappp
171,172,218,236,25.0, ABalapapaa
172,173,233,253,26.0, ABalapapap
173,174,174,226,22.0, ABalappapa
174,175,185,240,26.0, ABalappapp
175,176,197,228,22.0, ABalappaa
176,177,226,225,24.0, ABalapaaap
177,178,218,221,21.0, ABalapaaaa
178,179,234,220,20.0, ABalapaapa
179,180,244,234,24.0, ABalapaapp
180,181,275,285,21.0, ABalpppppp
181,182,273,268,21.0, ABalpppppa
182,183,256,262,22.0, ABalppppap
183,184,252,247,23.0, ABalppppaa
184,185,259,241,21.0, ABalpppaap
185,186,251,225,20.0, ABalpppaaa
186,187,274,251,21.0, ABalpppapp
187,188,273,248,19.0, ABalpppapa
188,189,261,245,16.0, ABalppaapp
189,190,255,230,15.0, ABalppaapa
190,191,228,217,17.0, ABalppaaaa
191,192,280,289,11.0, ABalppappp
192,193,270,272,10.0, ABalppappa
193,194,255,240,12.0, ABalppapaa
194,195,264,259,11.0, ABalppapap
195,196,236,228,11.0, ABalpaappa
196,197,244,252,12.0, ABalpaappp
197,198,214,249,8.0, ABalpaaaa
198,199,231,278,11.0, ABalpaaapp
199,200,221,259,11.0, ABalpaaapa
200,201,236,249,8.0, ABalpapaaa
201,202,237,265,8.0, ABalpapaap
202,203,252,271,8.0, ABalpapapa
203,204,259,288,9.0, ABalpapapp
204,205,230,314,9.0, ABalpapppp
205,206,244,293,10.0, ABalpapppa
206,207,219,273,8.0, ABalpappaa
207,208,230,292,9.0, ABalpappap
208,209,282,452,23.0, Caaapa
209,210,271,453,18.0, Caaapp
210,211,284,433,26.0, Caaaap
211,212,276,400,27.0, Caaaaa
212,213,260,442,11.0, Caappv
213,214,272,453,10.0, Caappd
214,215,277,443,14.0, Caapa
215,216,283,412,14.0, Cappa
216,217,265,424,13.0, Cappp
217,218,260,403,11.0, Capaa
218,219,248,417,15.0, Capap
219,220,222,468,14.0, Cpappd
220,221,243,445,9.0, Cpappv
221,222,248,460,11.0, Cpapaa
222,223,236,468,18.0, Cpapap
223,224,258,468,20.0, Cpaapp
224,225,249,446,27.0, Cpaapa
225,226,218,442,25.0, ABarpppppp
226,227,213,413,27.0, ABarpppppa
227,228,239,426,24.0, Cpaaap
228,229,238,388,26.0, Cpaaaa
229,230,210,407,18.0, Dppp
230,231,197,383,16.0, Dppa
231,232,212,431,18.0, Cpppa
232,233,235,449,15.0, Cpppp
233,234,213,402,13.0, Cppaa
234,235,228,427,12.0, Cppap
235,236,288,359,15.0, Daaa
236,237,269,382,12.0, Daap
237,238,281,371,17.0, Dapa
238,239,280,395,18.0, Dapp
239,240,199,383,13.0, Dpap
240,241,247,364,14.0, Z3
241,242,232,391,15.0, Z2
242,243,239,344,9.0, MSaappa
243,244,260,357,11.0, MSaappp
244,245,242,316,16.0, MSaapaap
245,246,238,296,13.0, MSaapaaa
246,247,248,341,12.0, MSaapapp
247,248,236,318,12.0, MSaapapa
248,249,224,244,22.0, MSaaaaap
249,250,208,226,19.0, MSaaaaaa
250,251,216,273,21.0, MSaaaapp
251,252,216,259,21.0, MSaaaapa
252,253,226,291,19.0, MSaaapap
253,254,226,272,17.0, MSaaapaa
254,255,223,304,17.0, MSaaapp
255,256,283,339,18.0, MSapppp
256,257,279,310,18.0, MSapppa
257,258,259,303,16.0, MSappaa
258,259,272,330,14.0, MSappap
259,260,249,277,14.0, MSapaap
260,261,237,243,18.0, MSapaaa
261,262,254,277,18.0, MSapapa
262,263,262,298,20.0, MSapapp
263,264,186,235,18.0, MSpaaaaa
264,265,190,271,20.0, MSpaaapa
265,266,193,255,20.0, MSpaaaap
266,267,200,295,22.0, MSpaaapp
267,268,198,305,16.0, MSpaapap
268,269,196,286,17.0, MSpaapaa
269,270,204,319,18.0, MSpaapp
270,271,214,333,16.0, MSpapaap
271,272,214,318,13.0, MSpapaaa
272,273,220,337,11.0, MSpapap
273,274,225,377,10.0, MSpappp
274,275,219,361,11.0, MSpappa
275,276,189,373,20.0, MSppppp
276,277,182,342,19.0, MSppppa
277,278,199,350,15.0, MSpppap
278,279,191,323,15.0, MSpppaa
279,280,177,326,21.0, MSppapp
280,281,174,304,16.0, MSppapa
281,282,179,269,16.0, MSppaaa
282,283,183,289,14.0, MSppaap
283,284,225,347,17.0, Earpa
284,285,227,363,16.0, Earpp
285,286,206,316,21.0, Earaa
286,287,299,317,19.0, ABplaapppa
287,288,306,339,18.0, ABplaapppp
288,289,295,301,23.0, ABplaappap
289,290,291,278,23.0, ABplaappaa
290,291,250,258,27.0, ABplaapaaa
291,292,262,272,26.0, ABplaapaap
292,293,278,296,26.0, ABplaapapp
293,294,277,280,26.0, ABplaapapa
294,295,283,335,25.0, ABplaaappp
295,296,269,324,25.0, ABplaaappa
296,297,263,312,27.0, ABplaaapap
297,298,255,288,26.0, ABplaaapaa
298,299,274,430,9.0, ABplappppp
299,300,291,412,10.0, ABplappppa
300,301,296,400,12.0, ABplapppa
301,302,309,403,16.0, ABplappapp
302,303,307,376,19.0, ABplappapa
303,304,308,384,14.0, ABplappaap
304,305,309,358,17.0, ABplappaaa
305,306,302,329,22.0, ABplapaaap
306,307,283,315,23.0, ABplapaaaa
307,308,302,362,21.0, ABplapaapp
308,309,292,342,22.0, ABplapaapa
309,310,295,429,12.0, ABplapappp
310,311,306,425,17.0, ABplapappa
311,312,308,408,19.0, ABplapapap
312,313,311,387,22.0, ABplapapaa
313,314,227,388,20.0, Epra
314,315,270,426,21.0, Eplp
315,316,264,383,21.0, Epla
316,317,251,344,21.0, Ealap
317,318,242,310,21.0, Ealaa
318,319,262,324,19.0, Ealpa
319,320,267,356,18.0, Ealpp
320,321,245,301,26.0, ABplaaaapp
321,322,230,288,24.0, ABplaaaapa
322,323,224,262,27.0, ABplaaaaaa
323,324,243,279,26.0, ABplaaaaap
324,325,224,239,12.0, ABalpaapap
325,326,237,429,20.0, Eprp
326,327,210,220,11.0, ABalpaapaa
328,329,186,368,16.0, Dpaa
329,330,215,352,22.0, Earap
330,331,247,225,17.0, ABalppaaap
