,index,x,y,z,name
0,1,155,282,15.0, ABpraaaapa
1,2,172,293,14.0, ABprpaaaaa
2,3,160,330,11.0, ABprpaaaap
3,4,161,318,14.0, ABprpaaapp
4,5,159,305,13.0, ABprpaaapa
5,6,197,380,10.0, ABprppaapp
6,7,184,367,10.0, ABprppaapa
7,8,190,340,11.0, ABprpapaap
8,9,191,356,10.0, ABprpapapa
9,10,207,366,9.0, ABprpapapp
10,11,150,322,16.0, ABprpaappp
11,12,163,319,20.0, ABprpaappa
12,13,164,295,16.0, ABprpaapaa
13,14,149,308,18.0, ABprpaapap
14,15,233,393,10.0, ABprpapppp
15,16,222,356,10.0, ABprpapppa
16,17,211,329,9.0, ABprpappaa
17,18,205,343,10.0, ABprpappapa
18,19,216,354,9.0, ABprpappapp
19,20,227,406,11.0, ABprpppppa
20,21,208,402,9.0, ABprppppap
21,22,217,388,9.0, ABprppppaa
22,23,192,422,10.0, ABprpppaap
23,24,191,401,9.0, ABprpppaaa
24,25,227,444,9.0, ABprpppapp
25,26,205,419,8.0, ABprpppapaa
26,27,226,421,8.0, ABprpppapap
27,28,163,344,15.0, ABprppaaap
28,29,170,335,14.0, ABprppaaaa
29,30,168,358,12.0, ABprppapaa
30,31,170,386,13.0, ABprppapap
31,32,184,407,11.0, ABprppappp
32,33,180,384,10.0, ABprppappa
33,34,163,364,17.0, ABpraapppp
34,35,159,343,21.0, ABpraapppa
35,36,148,313,22.0, ABpraappaa
36,37,153,324,24.0, ABpraappap
37,38,175,251,27.0, ABpraapaaa
38,39,161,270,25.0, ABpraapaap
39,40,170,280,21.0, ABpraapapa
40,41,169,289,22.0, ABpraapapp
41,42,161,267,21.0, ABpraaapap
42,43,172,266,17.0, ABpraaapaa
43,44,166,307,22.0, ABpraaapppp
44,45,170,298,19.0, ABpraaapppa
45,46,167,283,18.0, ABpraaappa
46,47,149,286,19.0, ABpraaaapp
47,48,153,268,16.0, ABpraaaaap
48,49,160,269,13.0, ABpraaaaaa
49,50,186,418,24.0, ABprappapa
50,51,183,426,16.0, ABprappapp
51,52,174,411,17.0, ABprappaap
52,53,171,395,17.0, ABprappaaa
53,54,224,454,10.0, ABprappppp
54,55,209,454,11.0, ABprappppa
55,56,199,434,13.0, ABprapppaa
56,57,213,436,11.0, ABprapppap
57,58,170,351,24.0, ABprapaaap
58,59,181,341,25.0, ABprapaaaa
59,60,163,385,20.0, ABprapaapp
60,61,159,361,22.0, ABprapaapa
61,62,221,460,15.0, ABprapappp
62,63,201,454,15.0, ABprapappa
63,64,192,441,17.0, ABprapapap
64,65,201,442,22.0, ABprapapaa
65,66,252,424,9.0, ABplpppppp
66,67,252,399,11.0, ABplpppppa
67,68,246,381,9.0, ABplpapppp
68,69,264,390,9.0, ABplppppap
69,70,262,368,9.0, ABplppppaa
70,71,290,397,10.0, ABplpppaap
71,72,296,377,10.0, ABplppappp
72,73,270,427,9.0, ABplpppapp
73,74,262,410,9.0, ABplpppapap
74,75,277,395,9.0, ABplpppapaa
75,76,282,378,9.0, ABplpppaaa
76,77,292,277,18.0, ABplpaapap
77,78,284,297,20.0, ABplpaappa
78,79,295,294,16.0, ABplpaappp
79,80,289,318,14.0, ABplppaaaa
80,81,296,320,16.0, ABplppaaap
81,82,276,356,9.0, ABplppaapp
82,83,281,339,10.0, ABplppaapa
83,84,291,357,9.0, ABplppappa
84,85,300,357,12.0, ABplppapap
85,86,298,337,12.0, ABplppapaa
86,87,247,336,9.0, ABplpappaap
87,88,233,315,8.0, ABplpappaaa
88,89,231,338,9.0, ABplpappap
89,90,242,359,9.0, ABplpapppa
90,91,260,351,9.0, ABplpapapp
91,92,265,331,9.0, ABplpapapa
92,93,273,313,11.0, ABplpapaap
93,94,259,310,11.0, ABplpapaaa
94,95,269,275,16.0, ABplpaapaa
95,96,265,281,14.0, ABplpaaaaa
96,97,289,302,12.0, ABplpaaaap
97,98,282,292,14.0, ABplpaaapp
98,99,281,280,14.0, ABplpaaapa
99,100,195,289,8.0, ABarappaaa
100,101,198,311,8.0, ABarappaap
101,102,176,340,9.0, ABarappapp
102,103,184,289,11.0, ABarappppa
103,104,188,326,8.0, ABarappapa
104,105,183,305,8.0, ABarapppap
105,106,177,279,9.0, ABarapppaa
106,107,177,309,11.0, ABarapppppa
107,108,177,322,11.0, ABarapppppp
108,109,193,327,11.0, ABprpapaaa
109,110,206,272,12.0, ABarapaapa
110,111,215,287,13.0, ABarapaappa
111,112,219,299,15.0, ABarapaappp
112,113,207,259,9.0, ABarapaaaa
113,114,210,273,9.0, ABarapaaap
114,115,212,323,11.0, ABarapapppa
115,116,207,296,9.0, ABarapapapa
116,117,212,315,9.0, ABarapapapp
117,118,205,286,10.0, ABarapapaa
118,119,219,338,12.0, ABarapapppp
119,120,206,303,12.0, ABarapappa
120,121,208,309,15.0, ABaraapppp
121,122,204,295,17.0, ABaraapppap
122,123,192,251,19.0, ABaraappaa
123,124,196,280,18.0, ABaraappapp
124,125,195,260,17.0, ABaraappapa
125,126,214,260,18.0, ABaraapaap
126,127,203,235,20.0, MSaaaaaa
127,128,227,271,17.0, ABaraapapaa
128,129,229,284,16.0, ABaraapapap
129,130,241,290,17.0, ABaraapapp
130,131,200,229,16.0, ABaraaaapa
131,132,217,249,22.0, ABaraaaapp
132,133,211,228,13.0, ABaraaaaaa
133,134,196,244,11.0, ABaraaaaap
134,135,202,233,14.0, ABaraaapaaa
135,136,198,249,16.0, ABaraaapaap
136,137,204,254,14.0, ABaraaapapa
137,138,192,253,9.0, ABaraaappa
138,139,187,269,9.0, ABaraaappp
139,140,200,319,27.0, ABarpapapp
140,141,210,291,27.0, ABarpapapa
141,142,179,330,27.0, ABarpapppp
142,143,176,313,26.0, ABarpapppa
143,144,166,302,26.0, ABarpappap
144,145,178,290,27.0, ABarpappaa
145,146,257,347,27.0, ABarpaappp
146,147,227,340,27.0, ABarpaappa
147,148,234,322,26.0, ABarpaapap
148,149,208,306,26.0, ABarpaapaa
149,150,212,246,26.0, ABarpaaaaa
150,151,219,269,26.0, ABarpaaaap
151,152,224,288,26.0, ABarpaaapp
152,153,205,274,27.0, ABarpaaapa
153,154,296,375,27.0, ABarppaapp
154,155,275,359,27.0, ABarppaapa
155,156,289,337,27.0, ABarppaaap
156,157,266,334,26.0, ABarppaaaa
157,158,294,443,18.0, ABarppappp
158,159,304,410,23.0, ABarppappa
159,160,310,369,24.0, ABarppapap
160,161,304,348,25.0, ABarppapaa
161,162,211,362,27.0, ABarpppapa
162,163,192,392,27.0, ABarpppapp
163,164,192,348,27.0, ABarpppaaa
164,165,174,360,26.0, ABarpppaap
165,166,177,381,26.0, ABarppppaa
166,167,176,400,24.0, ABarppppap
167,168,172,258,14.0, ABalaappap
168,169,175,248,17.0, ABalaapppa
169,170,161,252,19.0, ABalaapppp
170,171,160,252,14.0, ABalaappaa
171,172,178,241,12.0, ABalaapaaa
172,173,172,257,11.0, ABalaapaap
173,174,170,276,11.0, ABalaapapp
174,175,166,290,10.0, ABalaapapa
175,176,231,222,21.0, ABalapaaaa
176,177,235,225,14.0, ABalaaaala
177,178,256,241,12.0, ABalaaaalp
178,179,189,228,14.0, ABalaaaarr
179,180,219,219,17.0, ABalaaaarl
180,181,206,219,20.0, ABalaaapar
181,182,183,229,20.0, ABalaaappl
182,183,178,235,17.0, ABalaaappr
183,184,174,265,24.0, ABalappppap
184,185,177,242,24.0, ABalappppaa
185,186,177,276,27.0, ABalappppp
186,187,189,262,28.0, ABarpapaaa
187,188,190,271,25.0, ABarpapaap
188,189,188,232,23.0, ABalapppaa
189,190,197,249,26.0, ABalapppap
190,191,247,254,24.0, ABalapappap
191,192,240,230,23.0, ABalapappaa
192,193,255,272,27.0, ABalapappp
193,194,227,241,26.0, ABalapapaa
194,195,232,249,26.0, ABalapapap
195,196,169,236,21.0, ABalappapa
196,197,161,250,22.0, ABalappapp
197,198,203,231,23.0, ABalappaaa
198,199,213,224,23.0, ABalappaap
199,200,255,235,22.0, ABalapaaap
200,201,249,241,18.0, ABalapaapa
201,202,248,236,14.0, ABalppaaap
202,203,256,239,22.0, ABalapaapp
203,204,274,290,24.0, ABalppppppp
204,205,277,284,20.0, ABalppppppa
205,206,263,271,19.0, ABalpppppa
206,207,261,258,22.0, ABalppppap
207,208,259,254,17.0, ABalppppaa
208,209,268,240,16.0, ABalpppaap
209,210,259,232,16.0, ABalpppaaa
210,211,274,251,19.0, ABalpppapp
211,212,279,260,16.0, ABalpppapa
212,213,273,263,12.0, ABalppaapp
213,214,269,254,13.0, ABalppaapa
214,215,241,230,15.0, ABalppaaaa
215,216,271,279,10.0, ABalppapppa
216,217,266,299,10.0, ABalppapppp
217,218,255,266,13.0, ABalppappa
218,219,257,258,9.0, ABalppapaa
219,220,257,275,8.0, ABalppapap
220,221,230,233,10.0, ABalpaappa
221,222,245,244,10.0, ABalpaappp
222,223,223,260,8.0, ABalpaaaap
223,224,223,246,10.0, ABalpaaaaa
224,225,235,276,13.0, ABalpaaapp
225,226,221,260,11.0, ABalpaaapa
226,227,240,267,10.0, ABalpapaaa
227,228,236,285,8.0, ABalpapaap
228,229,250,287,10.0, ABalpapapaa
229,230,246,309,9.0, ABalpapapap
230,231,276,313,9.0, ABalpapapp
231,232,238,304,11.0, ABalpappppa
232,233,232,293,13.0, ABalpapppa
233,234,224,276,10.0, ABalpappaa
235,236,222,303,10.0, ABalpappapp
236,237,278,431,24.0, Caaapa
237,238,266,461,21.0, Caaapp
238,239,275,414,27.0, Caaaap
239,240,281,383,27.0, Caaaaa
240,241,260,443,9.0, Caappv
241,242,264,454,11.0, Caappd
242,243,246,443,10.0, Caapa
243,244,278,422,15.0, Cappap
244,245,290,399,19.0, Cappaa
245,246,257,426,12.0, Capppp
246,247,275,440,17.0, Capppa
247,248,289,398,16.0, Capaaa
248,249,272,406,13.0, Capaap
249,250,257,396,14.0, Capapp
250,251,287,377,16.0, Capapa
251,252,236,470,14.0, Cpappd
252,253,242,458,10.0, Cpappv
253,254,268,466,16.0, Cpapaa
254,255,240,463,19.0, Cpapap
255,256,249,456,25.0, Cpaapp
256,257,240,435,27.0, Cpaapa
257,258,211,458,19.0, ABarpppppp
258,259,203,429,25.0, ABarpppppa
259,260,234,414,26.0, Cpaaap
260,261,218,387,27.0, Cpaaaa
261,262,196,379,22.0, Dpppa
262,263,181,378,20.0, Dppap
263,264,178,359,20.0, Dppaa
264,265,193,403,21.0, Cpppaa
265,266,211,431,16.0, Cpppap
266,267,222,446,19.0, Cppppa
267,268,232,443,13.0, Cppppp
268,269,205,399,14.0, Cppaap
269,270,191,386,17.0, Cppaaa
270,271,236,432,10.0, ABprpppppp
271,272,212,417,13.0, Cppapp
272,273,196,415,18.0, Cppapa
273,274,276,313,18.0, Daaaa
274,275,289,358,16.0, Daapp
275,276,283,334,17.0, Daapa
276,277,298,376,20.0, Dapap
277,278,289,352,19.0, Dapaa
278,279,286,371,22.0, Dappa
279,280,284,394,22.0, Dappp
280,281,185,368,16.0, Dpapp
281,282,178,344,18.0, Dpapa
282,283,262,366,14.0, Z3
283,284,228,389,14.0, Z2
284,285,255,353,11.0, MSaappap
285,286,237,343,11.0, MSaappaa
286,287,272,344,13.0, MSaapppa
287,288,278,368,12.0, MSaapppp
288,289,245,328,20.0, MSaapaapp
289,290,242,303,19.0, MSaapaapa
290,291,239,309,14.0, MSaapaaa
291,292,247,333,14.0, MSaapapp
292,293,242,322,11.0, ABalpappppp
293,294,242,326,16.0, MSaapapa
294,295,229,259,23.0, MSaaaaapp
295,296,225,237,22.0, MSaaaaapa
296,297,210,239,19.0, ABaraapaaa
297,298,236,290,22.0, MSaaaapp
298,299,219,270,24.0, MSaaaapa
299,300,222,292,19.0, MSaaapap
300,301,224,271,21.0, MSaaapaa
301,302,230,316,21.0, MSaaappp
302,303,225,307,19.0, MSaaappa
303,304,280,353,23.0, MSappppp
304,305,267,332,24.0, MSappppa
305,306,270,315,22.0, MSapppap
306,307,269,300,18.0, MSapppaa
307,308,266,336,16.0, MSappaap
308,309,259,317,17.0, MSappaaa
309,310,267,325,14.0, MSappapp
310,311,272,312,15.0, MSappapa
311,312,260,303,14.0, MSapaapp
312,313,246,283,13.0, MSapaapa
313,314,232,236,18.0, MSapaaaa
314,315,240,253,19.0, MSapaaap
315,316,248,272,17.0, MSapapaa
316,317,254,287,15.0, MSapapap
317,318,256,293,23.0, MSapappp
318,319,251,277,22.0, MSapappa
319,320,191,249,22.0, MSpaaaaa
320,321,221,289,23.0, MSpaaapa
321,322,203,278,22.0, MSpaaaapp
322,323,204,255,22.0, MSpaaaapa
323,324,201,290,22.0, MSpaaappa
324,325,201,308,19.0, MSpaapap
325,326,190,291,20.0, MSpaapaa
326,327,211,332,20.0, MSpaapp
327,328,227,338,19.0, MSpapaapp
328,329,210,321,17.0, MSpapaapa
329,330,225,329,16.0, MSpapaaap
330,331,218,312,13.0, MSpapaaaa
331,332,221,350,14.0, MSpapapp
332,333,234,341,15.0, MSpapapa
333,334,213,380,13.0, MSpapppp
334,335,195,373,13.0, MSpapppa
335,336,258,375,12.0, MSpappaa
336,337,231,378,11.0, MSpappap
337,338,191,362,23.0, MSpppppp
338,339,195,343,23.0, MSpppppa
339,340,181,319,18.0, MSppppaa
340,341,192,341,15.0, MSpppapp
341,342,182,336,15.0, MSpppapa
342,343,202,345,15.0, MSpppaap
343,344,199,325,14.0, MSpppaaa
344,345,186,288,23.0, MSppappa
345,346,187,308,23.0, MSppappp
346,347,179,305,18.0, MSppapap
347,348,183,281,16.0, MSppapaa
348,349,185,263,14.0, MSppaaaa
349,350,190,278,14.0, MSppaaap
350,351,189,311,14.0, MSppaapp
351,352,193,296,14.0, MSppaapa
352,353,226,359,17.0, Earpa
353,354,229,379,19.0, Earpp
354,355,215,334,23.0, Earaa
355,356,297,320,18.0, ABplaapppa
356,357,306,340,17.0, ABplaapppp
357,358,301,304,19.0, ABplaappap
358,359,296,285,21.0, ABplaappaa
359,360,250,242,27.0, ABplaapaaa
360,361,263,256,27.0, ABplaapaap
361,362,271,273,23.0, ABplaapapp
362,363,277,271,20.0, ABplaapapa
363,364,271,314,26.0, ABplaaappp
364,365,282,301,26.0, ABplaaappa
365,366,278,285,26.0, ABplaaapap
366,367,262,285,27.0, ABplaaapaa
367,368,271,439,9.0, ABplappppp
368,369,288,428,10.0, ABplappppa
369,370,281,414,10.0, ABplapppap
370,371,291,416,13.0, ABplapppaa
371,372,309,404,15.0, ABplappapp
372,373,311,391,22.0, ABplappapa
373,374,311,389,16.0, ABplappaap
374,375,311,371,16.0, ABplappaaa
375,376,294,326,22.0, ABplapaaap
376,377,281,321,25.0, ABplapaaaa
377,378,313,358,19.0, ABplapaapp
378,379,305,333,21.0, ABplapaapa
379,380,285,448,13.0, ABplapappp
380,381,298,435,13.0, ABplapappa
381,382,306,426,16.0, ABplapapap
382,383,307,423,19.0, ABplapapaa
383,384,236,401,20.0, Eprap
384,385,232,377,23.0, Epraa
385,386,250,417,16.0, Eplpp
386,387,257,402,20.0, Eplap
387,388,250,383,22.0, Eplaa
388,389,250,362,22.0, Ealap
389,390,240,331,23.0, Ealaa
390,391,252,346,19.0, Ealpa
391,392,258,374,18.0, Ealpp
392,393,238,307,26.0, ABplaaaapp
393,394,238,294,25.0, ABplaaaapa
394,395,234,262,28.0, ABplaaaaaa
395,396,241,270,25.0, ABplaaaaap
396,397,221,246,16.0, ABalpaapaap
397,398,231,262,15.0, ABalpaapapp
398,399,225,420,20.0, Eprpa
399,400,212,229,15.0, ABalpaapaaa
401,402,182,342,22.0, Dpaap
402,403,179,332,17.0, Dpaaa
403,404,221,362,21.0, Earap
406,407,254,420,20.0, Eplpa
407,408,237,428,17.0, Eprpp
408,409,185,325,21.0, MSppppap
409,410,212,280,16.0, ABaraapppaa
410,411,209,270,15.0, ABaraaapapp
411,412,240,223,18.0, ABalaaapal
412,413,205,407,23.0, Dpppp
413,414,278,336,20.0, Daaap
414,415,217,311,22.0, MSpaaappp
415,416,217,244,13.0, ABalpaapapa
416,417,232,291,9.5, ABalpappapa
