,index,x,y,z,name
0,1,155,281,15.0, ABpraaaapa
1,2,175,282,13.0, ABprpaaaaaa
2,3,170,300,13.0, ABprpaaaaap
3,4,165,325,9.0, ABprpaaaapa
4,5,158,341,11.0, ABprpaaaapp
5,6,160,309,11.0, ABprpaaappa
6,7,158,325,12.0, ABprpaaappp
7,8,152,301,13.0, ABprpaaapa
8,9,194,379,9.0, ABprppaapp
9,10,179,364,11.0, ABprppaapa
10,11,178,347,11.0, ABprpapapaa
11,12,190,344,10.0, ABprpapaap
12,13,199,365,9.0, ABprpapappa
13,14,193,363,10.0, ABprpapapap
14,15,215,374,8.0, ABprpapappp
15,16,152,332,15.0, ABprpaapppp
16,17,151,312,15.0, ABprpaapppa
17,18,161,311,18.0, ABprpaappaa
18,19,161,327,21.0, ABprpaappap
19,20,164,293,16.0, ABprpaapaa
20,21,149,303,17.0, ABprpaapap
21,22,243,403,10.0, ABprpappppp
22,23,229,391,11.0, ABprpappppa
23,24,216,343,9.0, ABprpapppaa
24,25,222,361,9.0, ABprpapppap
25,26,213,335,8.0, ABprpappaap
26,27,207,324,8.0, ABprpappaaa
27,28,202,348,9.0, ABprpappapa
28,29,218,356,8.0, ABprpappapp
29,30,223,406,12.0, ABprpppppa
30,31,227,412,8.0, ABprppppapp
31,32,210,395,8.0, ABprppppapa
32,33,231,400,8.0, ABprppppaap
33,34,222,384,8.0, ABprppppaaa
34,35,197,421,9.0, ABprpppaap
35,36,198,402,9.0, ABprpppaaa
36,37,225,444,9.0, ABprpppapp
37,38,212,418,8.0, ABprpppapaa
38,39,236,419,9.0, ABprpppapap
39,40,172,326,14.0, ABprppaaaaa
40,41,167,340,15.0, ABprppaaap
41,42,168,374,13.0, ABprppapaap
42,43,161,354,12.0, ABprppapaaa
43,44,174,394,12.0, ABprppapap
44,45,183,405,10.0, ABprppappp
45,46,179,381,10.0, ABprppappa
46,47,160,368,17.0, ABpraapppp
47,48,156,345,20.0, ABpraapppa
48,49,147,317,19.0, ABpraappaa
49,50,148,329,19.0, ABpraappap
50,51,177,246,25.0, ABpraapaaa
51,52,163,255,26.0, ABpraapaapa
52,53,163,277,24.0, ABpraapaapp
53,54,172,283,20.0, ABpraapapa
54,55,160,298,23.0, ABpraapappp
55,56,162,278,22.0, ABpraapappa
56,57,162,266,19.0, ABpraaapap
57,58,170,269,16.0, ABpraaapaa
58,59,166,313,22.0, ABpraaapppp
59,60,172,303,20.0, ABpraaapppa
60,61,165,294,18.0, ABpraaappap
61,62,169,280,17.0, ABpraaappaa
62,63,150,287,20.0, ABpraaaappp
63,64,150,273,17.0, ABpraaaappa
64,65,154,266,15.0, ABpraaaaap
65,66,161,276,12.0, ABpraaaaaa
66,67,191,414,25.0, ABprappapa
67,68,181,423,15.0, ABprappapp
68,69,173,414,18.0, ABprappaap
69,70,171,395,16.0, ABprappaaa
70,71,218,451,9.0, ABprappppp
71,72,209,456,11.0, ABprappppa
72,73,203,436,12.0, ABprapppaa
73,74,214,433,10.0, ABprapppap
74,75,169,348,23.0, ABprapaaap
75,76,179,335,24.0, ABprapaaaa
76,77,164,388,20.0, ABprapaapp
77,78,156,359,22.0, ABprapaapa
78,79,222,460,15.0, ABprapappp
79,80,198,451,15.0, ABprapappa
80,81,189,438,16.0, ABprapapap
81,82,197,444,21.0, ABprapapaa
82,83,254,439,9.0, ABplppppppp
83,84,255,418,8.0, ABplppppppa
84,85,257,408,11.0, ABplpppppa
85,86,245,392,9.0, ABplpappppp
86,87,240,375,9.0, ABplpappppa
87,88,253,397,8.0, ABplppppapp
88,89,267,388,8.0, ABplppppapa
89,90,266,365,9.0, ABplppppaaa
90,91,257,381,8.0, ABplppppaap
91,92,285,404,9.0, ABplpppaap
92,93,296,379,10.0, ABplppappp
93,94,266,428,8.0, ABplpppapp
94,95,263,412,9.0, ABplpppapap
95,96,273,396,8.0, ABplpppapaa
96,97,281,381,9.0, ABplpppaaa
97,98,288,276,18.0, ABplpaapap
98,99,283,304,22.0, ABplpaappap
99,100,274,290,18.0, ABplpaappaa
100,101,295,302,14.0, ABplpaapppp
101,102,291,285,14.0, ABplpaapppa
102,103,283,313,13.0, ABplppaaaa
103,104,299,318,15.0, ABplppaaap
104,105,274,360,8.0, ABplppaapp
105,106,282,341,10.0, ABplppaapa
106,107,289,356,10.0, ABplppappa
107,108,300,366,12.0, ABplppapap
108,109,290,329,13.0, ABplppapaaa
109,110,299,347,12.0, ABplppapaap
110,111,247,336,8.0, ABplpappaap
111,112,237,314,7.0, ABplpappaaa
112,113,233,335,8.0, ABplpappap
113,114,236,362,9.0, ABplpapppa
114,115,253,363,8.0, ABplpapappp
115,116,263,344,9.0, ABplpapappa
116,117,264,322,9.0, ABplpapapaa
117,118,272,340,8.0, ABplpapapap
118,119,272,304,11.0, ABplpapaap
119,120,259,308,10.0, ABplpapaaa
120,121,266,272,16.0, ABplpaapaa
121,122,262,271,14.0, ABplpaaaaa
122,123,296,317,11.0, ABplpaaaapp
123,124,284,296,10.0, ABplpaaaapa
124,125,277,282,11.0, ABplpaaappa
125,126,284,298,13.0, ABplpaaappp
126,127,280,271,14.0, ABplpaaapa
127,128,194,289,8.0, ABarappaaa
128,129,198,316,8.0, ABarappaap
129,130,175,344,8.0, ABarappapp
130,131,185,297,11.0, ABarappppap
131,132,187,326,8.0, ABarappapa
132,133,181,299,8.0, ABarapppapa
133,134,186,312,9.0, ABarapppapp
134,135,182,278,11.0, ABarappppaa
135,136,177,312,11.0, ABarapppppa
136,137,176,327,11.0, ABarapppppp
137,138,192,329,11.0, ABprpapaaa
138,139,206,275,13.0, ABarapaapa
139,140,211,287,13.0, ABarapaappa
140,141,218,298,15.0, ABarapaappp
141,142,208,262,9.0, ABarapaaaa
142,143,210,276,8.0, ABarapaaap
143,144,208,317,11.0, ABarapapppa
144,145,201,303,9.0, ABarapapapa
145,146,211,313,9.0, ABarapapapp
146,147,206,277,11.0, ABarapapaaa
147,148,209,293,9.0, ABarapapaap
148,149,212,333,11.0, ABarapapppp
149,150,207,301,12.0, ABarapappa
150,151,216,309,15.0, ABaraapppp
151,152,203,300,16.0, ABaraapppap
152,153,194,254,18.0, ABaraappaa
153,154,196,280,18.0, ABaraappapp
154,155,197,263,16.0, ABaraappapa
155,156,214,273,18.0, ABaraapaapp
156,157,214,257,17.0, ABaraapaapa
157,158,198,241,20.0, MSaaaaaa
158,159,234,271,17.0, ABaraapapaa
159,160,237,283,16.0, ABaraapapap
160,161,237,296,17.0, ABaraapapp
161,162,198,233,15.0, ABaraaaapa
162,163,216,249,21.0, ABaraaaapp
163,164,216,238,12.0, ABaraaaaaa
164,165,205,251,11.0, ABaraaaaap
165,166,203,239,13.0, ABaraaapaaa
166,167,198,248,16.0, ABaraaapaap
167,168,202,259,14.0, ABaraaapapa
168,169,200,247,8.0, ABaraaappa
169,170,190,268,8.0, ABaraaappp
170,171,200,314,26.0, ABarpapapp
171,172,206,288,26.0, ABarpapapa
172,173,176,327,26.0, ABarpapppp
173,174,171,314,26.0, ABarpapppa
174,175,165,301,26.0, ABarpappap
175,176,169,286,26.0, ABarpappaa
176,177,244,342,25.0, ABarpaappp
177,178,220,333,26.0, ABarpaappa
178,179,232,318,26.0, ABarpaapap
179,180,207,304,26.0, ABarpaapaa
180,181,210,246,26.0, ABarpaaaaa
181,182,219,269,27.0, ABarpaaaap
182,183,221,287,26.0, ABarpaaapp
183,184,202,268,27.0, ABarpaaapa
184,185,289,367,25.0, ABarppaapp
185,186,267,351,26.0, ABarppaapa
186,187,288,334,26.0, ABarppaaap
187,188,265,328,26.0, ABarppaaaa
188,189,295,440,17.0, ABarppappp
189,190,305,409,22.0, ABarppappa
190,191,305,366,25.0, ABarppapap
191,192,300,345,25.0, ABarppapaa
192,193,211,358,26.0, ABarpppapa
193,194,188,389,26.0, ABarpppapp
194,195,192,341,26.0, ABarpppaaa
195,196,174,354,26.0, ABarpppaap
196,197,174,377,26.0, ABarppppaa
197,198,174,399,24.0, ABarppppap
198,199,171,262,12.0, ABalaappap
199,200,176,254,15.0, ABalaapppa
200,201,160,255,16.0, ABalaappppp
201,202,163,255,12.0, ABalaappaa
202,203,183,242,10.0, ABalaapaaa
203,204,177,256,9.0, ABalaapaap
204,205,169,286,10.0, ABalaapapp
205,206,167,299,9.0, ABalaapapa
206,207,232,224,20.0, ABalapaaaa
207,208,236,225,14.0, ABalaaaala
208,209,248,237,11.0, ABalaaaalp
209,210,189,230,13.0, ABalaaaarr
210,211,219,222,16.0, ABalaaaarl
211,212,203,223,18.0, ABalaaapar
212,213,183,230,18.0, ABalaaappl
213,214,176,240,13.0, ABalaaappr
214,215,175,264,22.0, ABalappppap
215,216,179,244,23.0, ABalappppaa
216,217,173,268,26.0, ABalappppp
217,218,185,257,27.0, ABarpapaaa
218,219,185,279,26.0, ABarpapaapp
219,220,187,231,21.0, ABalapppaa
220,221,197,239,24.0, ABalapppapa
221,222,246,251,23.0, ABalapappap
222,223,235,233,22.0, ABalapappaa
223,224,251,264,25.0, ABalapappp
224,225,227,244,24.0, ABalapapaa
225,226,228,249,26.0, ABalapapap
226,227,171,240,20.0, ABalappapa
227,228,163,251,22.0, ABalappapp
228,229,204,231,23.0, ABalappaaa
229,230,212,225,22.0, ABalappaap
230,231,265,242,21.0, ABalppppapa
231,232,249,243,17.0, ABalapaapa
232,233,250,238,13.0, ABalppaaap
233,234,248,232,23.0, ABalapaapp
234,235,267,293,22.0, ABalppppppp
235,236,270,282,19.0, ABalpppppap
236,237,269,265,20.0, ABalpppppaa
237,238,268,254,23.0, ABalppppapp
238,239,262,253,19.0, ABalppppaav
239,240,254,256,15.0, ABalppppaad
240,241,265,238,17.0, ABalpppaap
241,242,265,240,14.0, ABalpppaaa
242,243,280,261,21.0, ABalpppappp
243,244,274,248,18.0, ABalpppappa
244,245,268,254,15.0, ABalpppapad
245,246,282,262,18.0, ABalpppapav
246,247,274,265,11.0, ABalppaapp
247,248,269,254,12.0, ABalppaapa
248,249,249,227,14.0, ABalppaaaa
249,250,271,280,9.0, ABalppapppa
250,251,267,295,8.0, ABalppapppp
251,252,256,273,11.0, ABalppappap
252,253,251,254,12.0, ABalppappaa
253,254,255,259,9.0, ABalppapaa
254,255,254,279,8.0, ABalppapap
255,256,221,240,8.0, ABalpaappa
256,257,230,233,11.0, ABalpaapppa
257,258,246,249,9.0, ABalpaapppp
258,259,225,266,9.0, ABalpaaaap
259,260,225,255,10.0, ABalpaaaaa
260,261,241,280,14.0, ABalpaaapp
261,262,231,267,12.0, ABalpaaapa
262,263,234,256,8.0, ABalpapaaaa
263,264,238,273,8.0, ABalpapaaap
264,265,230,287,8.0, ABalpapaap
265,266,250,293,9.0, ABalpapapaa
266,267,253,309,8.0, ABalpapapap
267,268,284,328,10.0, ABalpapappp
268,269,277,310,8.0, ABalpapappa
269,270,237,302,11.0, ABalpappppa
270,271,228,290,12.0, ABalpapppa
271,272,215,275,11.0, ABalpappaaa
272,273,238,296,9.0, ABalpappapa
273,274,224,306,9.0, ABalpappapp
274,275,279,427,24.0, Caaapa
275,276,259,459,22.0, Caaapp
276,277,269,408,26.0, Caaaap
277,278,262,381,25.0, Caaaaa
278,279,260,449,9.0, Caappv
279,280,264,456,12.0, Caappd
280,281,245,448,11.0, Caapa
281,282,276,424,15.0, Cappap
282,283,292,397,21.0, Cappaa
283,284,262,434,12.0, Capppp
284,285,279,438,19.0, Capppa
285,286,289,404,17.0, Capaaa
286,287,279,402,13.0, Capaap
287,288,262,396,14.0, Capapp
288,289,291,379,16.0, Capapa
289,290,240,469,15.0, Cpappd
290,291,237,460,10.0, Cpappv
291,292,266,463,18.0, Cpapaa
292,293,241,463,19.0, Cpapap
293,294,249,452,27.0, Cpaapp
294,295,236,431,27.0, Cpaapa
295,296,211,460,18.0, ABarpppppp
296,297,198,432,24.0, ABarpppppa
297,298,224,410,26.0, Cpaaap
298,299,221,376,26.0, Cpaaaa
299,300,195,376,22.0, Dpppa
300,301,177,376,19.0, Dppap
301,302,180,358,20.0, Dppaa
302,303,192,405,21.0, Cpppaa
303,304,212,438,16.0, Cpppap
304,305,221,448,20.0, Cppppa
305,306,232,445,13.0, Cppppp
306,307,199,399,14.0, Cppaap
307,308,189,387,18.0, Cppaaa
308,309,241,440,9.0, ABprppppppp
309,310,232,430,8.0, ABprppppppa
310,311,207,416,13.0, Cppapp
311,312,198,419,19.0, Cppapa
312,313,270,313,18.0, Daaaa
313,314,288,356,15.0, Daapp
314,315,282,331,17.0, Daapa
315,316,296,371,20.0, Dapap
316,317,286,350,19.0, Dapaa
317,318,283,369,21.0, Dappa
318,319,283,391,23.0, Dappp
319,320,180,367,15.0, Dpapp
320,321,175,352,17.0, Dpapa
321,322,263,368,14.0, Z3
322,323,220,385,14.0, Z2
323,324,250,356,11.0, MSaappap
324,325,238,344,11.0, MSaappaa
325,326,267,341,12.0, MSaapppa
326,327,279,367,12.0, MSaapppp
327,328,245,328,18.0, MSaapaapp
328,329,245,306,18.0, MSaapaapa
329,330,243,298,13.0, MSaapaaaa
330,331,238,313,14.0, MSaapaaap
331,332,248,347,13.0, MSaapappp
332,333,240,324,13.0, MSaapappa
333,334,239,319,10.0, ABalpappppp
334,335,246,334,16.0, MSaapapa
335,336,231,270,23.0, MSaaaaapp
336,337,219,236,21.0, MSaaaaapa
337,338,212,240,18.0, ABaraapaaa
338,339,228,294,22.0, MSaaaapp
339,340,212,273,23.0, MSaaaapa
340,341,221,283,18.0, MSaaapapa
341,342,225,261,20.0, MSaaapaaa
342,343,236,283,21.0, MSaaapaap
343,344,226,319,20.0, MSaaappp
344,345,229,316,19.0, MSaaappa
345,346,226,305,19.0, MSaaapapp
346,347,279,352,22.0, MSappppp
347,348,264,333,23.0, MSappppa
348,349,266,313,21.0, MSapppap
349,350,277,301,16.0, MSapppaa
350,351,273,351,15.0, MSappaap
351,352,270,326,14.0, MSappapp
352,353,268,315,16.0, MSappapa
353,354,259,308,14.0, MSapaapp
354,355,254,287,13.0, MSapaapa
355,356,233,237,16.0, MSapaaaa
356,357,242,254,19.0, MSapaaap
357,358,251,272,17.0, MSapapaa
358,359,257,290,16.0, MSapapap
359,360,246,293,22.0, MSapappp
360,361,248,269,21.0, MSapappa
361,362,184,261,24.0, ABarpapaapa
362,363,216,296,22.0, MSpaaapa
363,364,198,279,21.0, MSpaaaapp
364,365,196,256,21.0, MSpaaaapa
365,366,204,292,21.0, MSpaaappa
366,367,191,301,17.0, MSpaapapa
367,368,203,315,19.0, MSpaapapp
368,369,191,291,20.0, MSpaapaa
369,370,212,334,19.0, MSpaapp
371,372,210,323,16.0, MSpapaapa
372,373,217,329,13.0, MSpapaaap
373,374,217,311,13.0, MSpapaaaa
374,375,220,346,13.0, MSpapapp
375,376,228,338,15.0, MSpapapa
376,377,208,382,11.0, MSpapppp
377,378,192,373,13.0, MSpapppa
378,379,256,380,11.0, MSpappaa
379,380,229,378,11.0, MSpappap
380,381,192,356,23.0, MSpppppp
381,382,194,336,23.0, MSpppppa
382,383,182,319,17.0, MSppppaa
383,384,189,345,14.0, MSpppapp
384,385,182,337,16.0, MSpppapa
385,386,194,357,16.0, MSpppaap
386,387,199,335,14.0, MSpppaaa
387,388,176,282,22.0, MSppappa
388,389,187,305,23.0, MSppappp
389,390,172,312,15.0, MSppapap
390,391,183,292,15.0, MSppapaa
391,392,187,265,12.0, MSppaaaa
392,393,185,269,16.0, MSppaaap
393,394,192,317,15.0, MSppaapp
394,395,191,304,13.0, MSppaapa
395,396,230,359,16.0, Earpa
396,397,234,374,22.0, Epraa
397,398,224,386,18.0, Earpp
399,400,299,318,18.0, ABplaapppa
400,401,307,341,17.0, ABplaapppp
401,402,300,303,18.0, ABplaappap
402,403,293,290,18.0, ABplaappaa
403,404,243,239,27.0, ABplaapaaa
404,405,257,246,25.0, ABplaapaapa
405,406,268,263,26.0, ABplaapaapp
406,407,281,279,23.0, ABplaapappp
407,408,272,264,23.0, ABplaapappa
408,409,261,277,22.0, ABplaapapa
409,410,271,311,26.0, ABplaaappp
410,411,279,297,26.0, ABplaaappa
411,412,277,283,26.0, ABplaaapap
412,413,260,277,27.0, ABplaaapaa
413,414,274,440,9.0, ABplappppp
414,415,292,427,10.0, ABplappppa
415,416,278,419,10.0, ABplapppap
416,417,287,428,13.0, ABplapppaa
417,418,311,401,15.0, ABplappapp
418,419,307,388,21.0, ABplappapa
419,420,312,387,17.0, ABplappaap
420,421,308,370,17.0, ABplappaaa
421,422,288,322,21.0, ABplapaaap
422,423,276,322,24.0, ABplapaaaa
423,424,311,359,18.0, ABplapaapp
424,425,302,330,20.0, ABplapaapa
425,426,281,448,14.0, ABplapappp
426,427,301,428,13.0, ABplapappa
427,428,308,421,16.0, ABplapapap
428,429,305,422,19.0, ABplapapaa
429,430,234,406,20.0, Eprap
430,431,251,417,15.0, Eplpp
431,432,256,408,20.0, Eplap
432,433,248,389,21.0, Eplaa
433,434,250,365,20.0, Ealap
434,435,242,336,21.0, Ealaa
435,436,252,349,18.0, Ealpa
436,437,253,387,17.0, Ealpp
437,438,242,304,26.0, ABplaaaapp
438,439,242,282,26.0, ABplaaaaapp
439,440,230,296,26.0, ABplaaaapa
440,441,235,266,26.0, ABplaaaaaa
441,442,243,263,23.0, ABplaaaaapa
442,443,224,248,16.0, ABalpaapaap
443,444,233,268,15.0, ABalpaapapp
444,445,227,426,21.0, Eprpa
445,446,214,235,15.0, ABalpaapaaa
447,448,182,339,21.0, Dpaap
448,449,175,334,18.0, Dpaaa
449,450,227,361,19.0, Earap
452,453,257,424,19.0, Eplpa
453,454,233,425,17.0, Eprpp
454,455,183,321,21.0, MSppppap
455,456,208,287,16.0, ABaraapppaa
456,457,206,273,16.0, ABaraaapapp
457,458,238,224,17.0, ABalaaapal
458,459,205,402,23.0, Dpppp
459,460,275,334,19.0, Daaap
460,461,212,312,21.0, MSpaaappp
462,463,222,255,13.0, ABalpaapapa
463,464,192,272,23.0, MSpaaaaa
464,465,252,234,20.0, ABalapaaap
465,466,195,260,26.0, ABalapppapp
466,467,178,279,8.0, ABarapppaa
467,468,262,317,18.0, MSappaaa
469,470,233,279,11.0, ABalpappaap
470,471,269,288,19.833334, ABalppppppa
471,472,220,339,21.625, MSpapaapp
472,473,218,340,22.066668, Earaa
473,474,165,340,13.0, ABprppaaaap
474,475,172,242,17.0, ABalaappppa
