,index,x,y,z,name
0,1,161,282,14.0, ABpraaaapav
1,2,163,281,12.0, ABpraaaapad
2,3,167,278,18.0, ABprpaapaaa
3,4,212,338,9.0, ABprpaaaapa
4,5,226,368,9.0, ABprpaaaapp
5,6,181,304,14.0, ABprpaaappa
6,7,190,304,10.0, ABprpaapppp
7,8,183,295,12.0, ABprpaaappp
8,9,182,273,10.0, ABprpaaapaa
9,10,234,358,11.0, ABprpapppap
10,11,228,349,11.0, ABprppaappa
11,12,219,363,12.0, ABprppappaa
12,13,189,335,11.0, ABprppaapap
13,14,207,334,13.0, ABprpapapaa
14,15,193,324,11.0, ABprpapaapp
15,16,221,344,11.0, ABprpapappa
16,17,202,340,12.0, ABprpapapap
17,18,236,379,11.0, ABprpapappp
19,20,171,293,11.0, ABprpaapapp
20,21,177,307,9.0, ABprpaapppa
21,22,160,323,18.0, ABprpaappaa
22,23,158,330,15.0, ABprpaappap
23,24,161,318,15.0, ABprpaapaap
24,25,162,304,14.0, ABprpaaaaap
25,26,172,285,12.0, ABprpaaapap
26,27,247,411,14.0, ABprpappppp
27,28,232,414,13.0, ABprpappppa
28,29,201,316,12.0, ABprpapaaaa
29,30,218,316,9.0, ABprpappaap
30,31,222,301,9.0, ABprpappaaa
31,32,220,327,11.0, ABprpappapa
32,33,215,354,12.0, ABprpappapp
33,34,217,422,12.0, Cppappp
34,35,210,409,14.0, ABprpppppaa
35,36,229,412,10.0, ABprppppapp
36,37,217,407,10.0, ABprppppapa
37,38,231,416,12.0, ABprppppaap
38,39,226,402,13.0, ABprppppaaa
39,40,209,438,11.0, ABprpppaapp
40,41,215,438,14.0, ABprpppaapa
41,42,221,393,10.0, ABprpppaaaa
42,43,226,380,9.0, ABprppaappp
43,44,201,412,11.0, ABprpppaaap
44,45,221,430,10.0, ABprpppapaa
45,46,234,430,9.0, ABprpppapap
46,47,186,313,12.0, ABprppaaaaa
48,49,174,333,11.0, ABprppaaap
49,50,204,371,12.0, ABprppapaap
50,51,205,348,10.0, ABarappappp
51,52,201,396,12.0, ABprppapapp
52,53,210,382,11.0, ABprppapapa
53,54,217,390,11.0, ABprppapppa
54,55,206,398,10.0, ABprppapppp
55,56,218,370,11.0, ABprppappap
56,57,171,357,13.0, ABpraapppp
57,58,169,331,10.0, ABpraapppa
58,59,185,296,8.0, ABpraappaa
60,61,191,228,19.0, ABalapppaap
61,62,187,218,18.0, ABpraapaaaa
62,63,185,233,22.0, ABarpapaaaa
63,64,173,227,20.0, ABpraapaaap
64,65,166,244,17.0, ABpraapaapa
65,66,155,269,18.0, ABpraapaapp
66,67,165,317,22.0, ABpraapapap
67,68,156,307,22.0, ABpraapappp
69,70,166,269,22.0, ABalappapap
70,71,172,245,19.0, ABalappapaa
71,72,161,259,18.0, ABalappappp
72,73,169,282,20.0, ABpraaapaad
73,74,150,295,17.0, ABpraaappppa
74,75,152,309,15.0, ABpraaappppp
75,76,155,300,19.0, ABpraaapppaa
77,78,165,289,17.0, ABpraaappap
78,79,157,276,27.0, ABpraapapaa
79,80,169,299,22.0, ABpraapappa
80,81,157,249,16.0, ABpraaaaapv
81,82,174,273,9.0, ABpraaaaaap
82,83,178,390,25.0, ABprappapa
83,84,192,408,14.0, ABprappapp
84,85,184,396,15.0, ABprappaap
85,86,183,380,14.0, ABprappaaa
86,87,222,463,11.0, ABprappppp
87,88,208,437,9.0, ABprappppa
88,89,200,442,14.0, ABprapppaaa
89,90,202,454,13.0, ABprapppaap
90,91,218,454,9.0, ABprapppapa
91,92,164,337,20.0, ABprapaaapa
92,93,167,349,19.0, ABprapaaapp
93,94,167,314,25.0, ABprapaaaap
94,95,147,315,22.0, ABprapaaaaa
95,96,175,370,14.0, ABprapaapp
96,97,189,347,9.0, ABprapaapa
97,98,218,457,14.0, ABprapapppp
98,99,202,457,16.0, ABprapapppa
99,100,195,432,11.0, ABprapappa
100,101,188,424,14.0, ABprapapap
101,102,191,432,22.0, ABprapapaa
102,103,256,455,10.0, ABplppppppp
103,104,251,447,9.0, ABplppppppa
104,105,277,429,13.0, ABplpppppap
105,106,277,421,15.0, ABplpppppaa
106,107,248,416,12.0, ABplpappppp
107,108,243,397,12.0, ABplpappppa
108,109,253,409,10.0, ABplppppapp
109,110,263,402,9.0, ABplppppapa
110,111,256,395,12.0, ABplppppaaa
111,112,255,406,13.0, ABplppppaap
112,113,273,443,10.0, ABplapppapp
113,114,275,430,12.0, ABplpppaapa
114,115,263,379,10.0, ABplppapppp
115,116,252,369,11.0, ABplppapppa
116,117,272,446,9.0, ABplapppapa
117,118,253,424,9.0, ABplpppapap
118,119,266,423,10.0, ABplpppapaa
119,120,261,387,9.0, ABplpppaaaa
120,121,276,389,10.0, ABplpppaaap
121,122,269,238,16.0, ABplpaapapp
122,123,288,303,21.0, ABplapaaapa
123,124,290,295,17.0, ABplpaappap
124,125,282,293,19.0, ABplpaappaa
125,126,256,283,10.0, ABplpaapppp
126,127,260,285,12.0, ABplpaapppa
127,128,268,295,12.0, ABplppaaaaa
128,129,281,300,13.0, ABplppaaaap
129,130,239,348,11.0, ABplppaappa
130,131,244,371,9.0, ABplppaappp
131,132,268,310,11.0, ABplppaapap
132,133,267,315,9.0, ABplppaapaa
133,134,257,346,12.0, ABplppappaa
134,135,253,357,12.0, ABplppappap
135,136,263,366,11.0, ABplppapapa
136,137,275,375,11.0, ABplppapapp
137,138,266,340,10.0, ABplppapaaa
138,139,268,354,12.0, ABplppapaap
139,140,224,327,10.0, ABplpappaap
140,141,229,310,10.0, ABplpappaaa
141,142,246,387,10.0, ABplpapppaa
142,143,230,394,11.0, ABplpapppap
143,144,237,368,11.0, ABplpapappp
144,145,248,339,11.0, ABplpapappa
145,146,255,315,13.0, ABplpapapaa
146,147,247,289,12.0, ABplpapaapa
147,148,258,298,11.0, ABplpapaapp
148,149,251,312,11.0, ABplpapaaap
149,150,288,280,16.0, ABalpppppppp
150,151,280,283,16.0, ABplpaapaap
151,152,256,252,17.0, ABalppppaad
152,153,275,278,14.0, ABplpaaaaap
153,154,253,358,10.0, ABplpaaaapp
154,155,257,262,12.0, ABplpaaappa
155,156,258,280,14.0, ABplpaaappp
156,157,266,265,11.0, ABplpaapapa
157,158,201,261,11.0, ABarappaaaa
158,159,214,275,9.0, ABarappaapa
159,160,220,285,9.0, ABarappaapp
160,161,218,358,10.0, ABarappappa
161,162,187,266,12.0, ABarappppap
162,163,206,304,9.0, ABarappapaa
163,164,209,321,8.0, ABarappapap
164,165,202,276,10.0, ABarapppapa
165,166,210,295,9.0, ABarappaaap
166,167,203,266,8.0, ABalaapappa
167,168,193,289,11.0, ABarapppppa
168,169,192,274,10.0, ABarapppppp
169,170,206,328,11.0, ABprpapaaap
170,171,195,310,11.0, ABprpapaapa
172,173,209,293,19.0, ABarapaapap
173,174,202,259,15.0, ABaraaaaapa
174,175,217,294,14.0, ABarapaaapp
175,176,211,282,13.0, ABarapaaapa
176,177,226,310,14.0, ABarapapppa
177,178,213,285,11.0, ABarapapapa
178,179,203,291,9.0, ABarapppapp
180,181,193,291,18.0, ABarapaappa
181,182,212,284,14.0, ABarapaaaap
182,183,205,306,14.0, ABarapapppp
183,184,213,301,16.0, ABarapappap
184,185,199,308,16.0, ABarapappaa
185,186,194,318,16.0, ABaraappppp
186,187,212,318,17.0, ABaraappppa
187,188,201,326,23.0, ABaraapppap
188,189,201,262,20.0, MSpaaaapa
189,190,190,295,22.0, ABaraappapp
191,192,234,292,23.0, ABaraapaapp
192,193,232,275,20.0, ABalpaapapa
193,194,212,242,19.0, MSaaaaaar
194,195,195,248,21.0, MSaaaaaal
195,196,252,300,20.0, ABaraapapaa
196,197,253,311,22.0, ABaraapapap
197,198,251,287,19.0, ABaraapappa
198,199,240,310,18.0, ABaraapappp
199,200,208,252,17.0, ABaraaaapap
200,201,212,242,16.0, ABaraaaapaa
201,202,203,277,25.0, ABaraaaapp
202,203,218,245,13.0, ABalpaappaa
205,206,204,251,14.0, ABaraaapaaa
206,207,204,271,16.0, ABaraaapaap
207,208,207,254,11.0, ABaraaappap
208,209,203,246,13.0, ABaraaappaa
209,210,196,245,10.0, ABaraaapppp
210,211,220,259,27.0, ABarpapapp
211,212,189,246,27.0, ABarpaapaa
212,213,151,303,24.0, ABarpapppp
213,214,155,274,24.0, ABarpapppa
214,215,154,262,22.0, ABarpappap
215,216,159,250,21.0, ABarpappaa
216,217,219,292,27.0, ABarpaappa
217,218,194,229,26.0, ABarpapapa
218,219,217,239,27.0, ABplaaaapa
219,220,288,333,22.0, ABarppaapp
220,221,294,300,24.0, ABarppaaap
221,222,293,283,23.0, ABplapaaaaa
222,223,302,431,16.0, ABarppappp
223,224,309,390,20.0, ABarppappa
224,225,303,345,18.0, ABarppapap
225,226,300,322,20.0, ABarppapaa
226,227,249,309,27.0, ABarpppapa
227,228,173,301,26.0, ABarpppaaa
228,229,152,333,21.0, ABarpppaap
229,230,160,350,23.0, ABarppppaa
230,231,167,371,21.0, ABarppppap
231,232,158,255,14.0, ABpraaaaapd
232,233,168,247,15.0, ABalaappppp
233,234,176,261,9.0, ABalaappapp
234,235,157,266,14.0, ABalaapppap
235,236,173,257,17.0, ABpraaapapp
236,237,164,270,12.0, ABalaappaa
237,238,184,235,11.0, ABalaapaapa
239,240,187,246,13.0, ABalaapaaal
240,241,186,242,9.0, ABalaapaapp
242,243,229,237,19.0, ABalapaaaaa
243,244,223,233,17.0, ABalaaaalal
244,245,231,234,16.0, ABalaaaalar
245,246,235,236,9.0, ABalaaaalpp
246,247,231,230,12.0, ABalaaaalpa
247,248,199,231,14.0, ABalaaaarrp
248,249,192,244,16.0, ABalaaaarra
249,250,221,228,13.0, ABalaaaarla
250,251,212,230,16.0, ABalaaaarlp
251,252,221,219,15.0, ABalaaaparr
252,253,205,220,15.0, ABalaaaparl
253,254,192,223,14.0, ABalaaappll
254,255,186,238,17.0, ABalaaapprl
255,256,181,225,14.0, ABalaaapplr
256,257,173,250,11.0, ABalaaapprr
257,258,183,235,20.0, ABalappppaa
258,259,174,243,27.0, ABarpaaapap
259,260,170,252,22.0, ABalapppppp
260,261,202,231,17.0, ABalapppaaa
261,262,202,238,22.0, ABalapppapa
262,263,231,216,21.0, ABplaapaaap
263,264,220,224,19.0, ABalapappaa
264,265,230,234,20.0, ABalapapppa
265,266,240,230,23.0, ABalapapppp
266,267,219,225,21.0, ABplaaaaaaa
267,268,216,228,26.0, ABarpaaapp
268,269,173,245,22.0, ABarpapaaap
269,270,200,226,22.0, ABalappaaa
270,271,205,220,17.0, ABalappaapa
271,272,205,228,20.0, ABalappaapp
272,273,254,227,21.0, ABplaaapaa
273,274,244,243,16.0, ABalapaapaa
274,275,241,235,10.0, ABalppaaapp
275,276,241,221,19.0, ABalapaappp
276,277,227,220,17.0, ABalapaappa
277,278,286,267,20.0, ABalpppppppa
278,279,267,278,17.0, ABalpppppap
279,280,264,259,19.0, ABalpppppaa
281,282,259,259,21.0, ABalppppaav
282,283,263,239,18.0, ABalapaapap
283,284,256,253,14.0, ABplpaaaaaa
284,285,256,226,16.0, ABalpppaapv
285,286,255,243,10.0, ABalpppaaap
286,287,243,229,13.0, ABalaaapalr
287,288,275,258,20.0, ABalpppappp
288,289,265,262,17.0, ABalpppappa
289,290,269,255,14.0, ABalpppapad
290,291,264,250,11.0, ABalpppapav
291,292,249,269,9.0, ABalppaappp
292,293,251,253,10.0, ABplpaaapaa
293,294,237,258,9.0, ABalppaapa
294,295,248,236,11.0, ABalppaaaa
295,296,244,270,12.0, ABalppapppa
296,297,242,284,10.0, ABalppapapp
297,298,239,264,12.0, ABalppapppp
298,299,246,250,12.0, ABalppappap
299,300,240,245,14.0, ABalppappaa
300,301,233,247,11.0, ABalppapaaa
301,302,232,249,8.0, ABalppapaap
302,303,235,276,10.0, ABalppapapa
303,304,218,257,11.0, ABalpaappap
304,305,211,232,14.0, ABalpaapppa
305,306,227,240,12.0, ABalpaapppp
306,307,232,289,16.0, ABalpaaaapp
307,308,227,276,14.0, ABalpaaaaap
308,309,249,296,17.0, ABalpaaappp
309,310,249,280,17.0, ABalpapppaa
310,311,242,269,20.0, ABalpaaapap
311,312,233,272,18.0, ABalpaaapaa
312,313,227,256,11.0, ABalpapaaaa
313,314,227,283,9.0, ABalpapaaap
314,315,225,305,12.0, ABalpapaapp
315,316,219,262,9.0, ABalpapaapa
316,317,237,297,9.0, ABalpapapaa
317,318,251,308,9.0, ABalpapapap
319,320,258,331,10.0, ABalpapappp
320,321,250,346,9.0, ABalpapappa
321,322,225,283,12.0, ABalpappapa
322,323,233,291,18.0, ABalpapppap
323,324,197,296,15.0, ABalpappaaa
324,325,245,303,12.0, ABplpapaaaa
325,326,226,323,14.0, ABarapapapp
326,327,229,334,15.0, ABalpappapp
327,328,221,451,26.0, Caaapp
328,329,244,436,9.0, Caapap
329,330,244,433,12.0, Caapaa
330,331,283,443,16.0, Cappapp
331,332,286,437,19.0, Cappapa
332,333,282,403,25.0, Cappaap
333,334,290,373,22.0, Cappaaa
334,335,257,438,12.0, Cappppd
335,336,262,456,14.0, Cappppv
336,337,280,440,24.0, Capppaa
337,338,275,458,20.0, Capppap
338,339,293,396,21.0, Capaaaa
339,340,290,425,21.0, Capaaap
340,341,286,402,13.0, Capaapa
341,342,271,412,11.0, Capaapp
342,343,292,417,17.0, Capappp
343,344,285,351,18.0, Capapaa
344,345,280,461,17.0, Cpappd
345,346,261,464,11.0, Cpappv
346,347,212,460,20.0, Cpapaa
347,348,295,443,21.0, Cpapap
348,349,291,422,28.0, Cpaapp
349,350,193,445,17.0, ABarpppppp
350,351,183,410,22.0, ABarpppppa
351,352,285,358,27.0, Cpaaap
352,353,272,335,27.0, Cpaaaa
353,354,196,341,25.0, Dpppaa
354,355,186,371,22.0, Dppap
355,356,182,353,18.0, Dppaa
356,357,207,403,24.0, Cpppaap
357,358,193,389,22.0, Cpppaaa
358,359,213,446,18.0, Cpppapp
359,360,208,444,21.0, Cpppapa
360,361,231,434,25.0, Cppppaa
361,362,238,462,16.0, Cpppppd
362,363,230,435,12.0, Cpppppv
363,364,199,424,18.0, Cppaapp
364,365,195,401,18.0, Cppaapa
365,366,186,369,18.0, Cppaaaa
366,367,187,391,19.0, Cppaaap
367,368,237,459,10.0, ABprppppppp
368,369,223,445,11.0, ABprapppapp
369,370,239,447,10.0, ABprppppppa
370,371,204,427,15.0, Cppappa
371,372,198,409,22.0, Cppapaa
372,373,208,432,24.0, Cppapap
373,374,276,325,14.0, Daapp
374,375,275,313,15.0, Daapa
375,376,282,348,21.0, Dapap
376,377,279,336,17.0, Dapaa
378,379,277,375,25.0, Dappp
379,380,276,358,22.0, Dappap
380,381,206,405,17.0, Dpapp
381,382,177,335,15.0, Dpapa
382,383,268,400,16.0, Z3
383,384,221,399,17.0, Z2
384,385,240,350,14.0, MSaappap
385,386,234,343,15.0, MSaappaa
386,387,268,335,14.0, MSaapppaa
387,388,277,357,15.0, MSaapppap
388,389,274,373,14.0, MSaapppp
389,390,262,328,18.0, MSaapaapp
390,391,262,314,18.0, MSaapaapa
391,392,244,308,15.0, MSaapaaaa
392,393,261,321,21.0, MSaapappa
393,394,244,321,15.0, MSaapaaap
394,395,244,337,15.0, MSaapappp
395,396,243,292,15.0, ABalpappppp
396,397,235,325,17.0, MSaapapaa
397,398,255,329,15.0, MSaapapap
399,400,196,216,20.0, ABarpaaaaar
400,401,213,255,19.0, ABaraapaaaa
401,402,223,253,20.0, ABaraapaaap
402,403,232,314,25.0, MSaaaappa
403,404,230,321,22.0, MSaaaappp
404,405,225,299,24.0, MSaaaapap
405,406,236,309,22.0, MSaaapapa
406,407,232,258,21.0, MSaaaaapp
407,408,178,319,27.0, ABarpaappp
408,409,229,337,25.0, MSaaappa
409,410,249,329,23.0, MSaaapapp
410,411,256,323,25.0, MSappppp
411,412,243,294,26.0, MSappppa
412,413,262,286,25.0, MSapppap
413,414,267,296,17.0, MSapppaa
414,415,282,405,17.0, MSappaap
415,416,264,299,15.0, MSappapp
416,417,256,299,16.0, MSappapa
417,418,257,383,13.0, MSapaapp
418,419,258,271,17.0, MSapaapa
419,420,243,257,17.0, MSapaaaa
420,421,232,247,21.0, ABplaaaaapa
421,422,273,305,22.0, MSapapaa
422,423,263,281,16.0, MSapapap
423,424,251,261,25.0, MSapappp
424,425,228,253,25.0, MSapappa
425,426,184,259,20.0, ABarpapaapa
426,427,184,254,23.0, ABarpapaapp
427,428,224,311,25.0, MSpaaapaa
428,429,211,335,23.0, MSaaappp
429,430,204,289,25.0, MSpaaaaap
430,431,209,301,24.0, MSpaaappa
431,432,215,314,23.0, MSpaapaap
432,433,207,343,21.0, MSpaapapp
433,434,192,302,20.0, MSpaapaaa
436,437,192,332,17.0, MSpapaapa
437,438,210,333,14.0, MSpapaaap
438,439,194,333,20.0, MSpapappa
439,440,210,319,15.0, MSpapaaaa
440,441,216,330,17.0, MSpapapaa
441,442,208,346,15.0, MSpapapap
442,443,202,383,15.0, MSpapppp
443,444,195,359,15.0, MSpapppa
444,445,274,393,12.0, MSpappaa
445,446,217,390,13.0, MSpappap
446,447,201,327,26.0, MSpppppp
447,448,191,307,25.0, MSpppppa
448,449,172,314,19.0, MSppppaa
449,450,181,314,14.0, MSpppapp
450,451,177,322,15.0, MSpppapa
451,452,189,341,14.0, MSpppaap
452,453,236,390,15.0, MSpppaaa
453,454,176,273,25.0, MSppappa
454,455,190,262,25.0, MSppappp
455,456,176,294,15.0, MSppapap
456,457,173,330,22.0, MSppapaa
457,458,187,266,16.0, MSppaaaa
458,459,179,268,21.0, MSppaaap
459,460,174,286,17.0, MSppaapa
460,461,223,345,16.0, MSpapappp
462,463,231,375,21.0, Epraa
464,465,237,401,22.0, Earpp
465,466,295,324,15.0, ABplaapppp
466,467,269,292,9.0, ABplaappap
467,468,254,277,8.0, ABplaappaa
468,469,213,211,19.0, ABplaapaaaa
469,470,219,224,19.0, ABalapappap
470,471,270,246,20.0, ABplaapaapp
471,472,277,278,24.0, ABplaapappp
472,473,265,271,22.0, ABplaapappa
473,474,276,290,22.0, ABplaapapap
474,475,268,281,19.0, ABplaapapaa
475,476,286,273,25.0, ABplaaappp
476,477,275,250,23.0, ABplaaappa
477,478,282,265,14.0, ABplaaapap
478,479,275,419,8.0, ABplappppa
479,480,280,428,10.0, ABplpppaapp
480,481,296,439,13.0, ABplapppaap
481,482,291,426,14.0, ABplapppaaa
482,483,301,393,14.0, ABplappapp
483,484,305,366,22.0, ABplappapa
484,485,300,378,15.0, ABplappaap
485,486,292,361,14.0, ABplappaaa
486,487,289,315,20.0, ABplapaaapp
487,488,276,297,25.0, ABplapaaaap
488,489,290,345,13.0, ABplapaapp
489,490,275,325,10.0, ABplapaapa
490,491,282,450,13.0, ABplapapppp
491,492,299,444,16.0, ABplapapppa
492,493,291,415,10.0, ABplapappa
493,494,301,406,12.0, ABplapapap
494,495,308,414,18.0, ABplapapaa
495,496,240,419,23.0, Eprap
496,497,240,431,17.0, Eplpp
497,498,260,426,22.0, Eplap
498,499,246,374,19.0, Eplaa
499,500,250,373,21.0, Ealap
500,501,248,362,17.0, Ealpa
501,502,260,407,22.0, Ealpp
502,503,205,253,27.0, ABplaaaapp
503,504,242,241,24.0, ABplaaaaapp
504,505,243,237,21.0, ABalapaaaap
506,507,228,225,25.0, ABarpaaaapp
507,508,228,257,19.0, ABalpaapaap
508,509,240,436,23.0, Eprpa
509,510,222,251,16.0, ABalpaapaaa
511,512,181,339,24.0, Dpaap
512,513,173,334,18.0, Dpaaa
513,514,230,369,20.0, Earap
516,517,255,436,19.0, Eplpa
517,518,242,436,15.0, Eprpp
518,519,177,299,25.0, MSppppap
520,521,192,314,18.0, ABaraapppaa
521,522,194,302,18.0, ABaraaapapp
522,523,208,378,25.0, Dpppp
523,524,275,322,23.0, Daaap
524,525,211,316,26.0, MSpaaappp
525,526,174,357,23.0, ABarpppapp
526,527,250,284,20.0, ABalpaapapp
527,528,202,279,22.0, MSpaaaaaa
528,529,192,245,24.0, ABalapppapp
529,530,193,260,8.0, ABarapppaap
530,531,186,253,10.0, ABarapppaaa
531,532,241,276,25.0, MSappaaa
532,533,237,275,16.0, ABalpappaap
533,534,289,289,21.0, ABalppppppap
534,535,178,251,14.0, ABalaappppa
536,537,200,243,12.0, ABaraaapppa
537,538,245,462,11.0, Caappv
538,539,167,303,19.0, ABpraaappaa
541,542,223,350,22.0, MSpapaapp
542,543,238,329,11.0, ABplpappap
543,544,197,225,23.0, ABarpaaapaa
544,545,176,273,14.0, ABprpaaaaaa
545,546,184,258,13.0, ABarappppaa
546,547,172,275,16.0, ABalaapppaa
547,548,229,262,16.0, ABaraaaaaap
548,549,214,275,27.0, ABarpaapap
549,550,212,421,28.0, Caaapa
550,551,243,228,15.0, ABalapaaapp
551,552,279,310,18.0, Daaaa
552,553,229,292,14.0, ABalpappppa
553,554,174,311,9.0, ABpraappap
554,555,235,456,22.0, Cppppap
555,556,280,309,10.0, ABplaapppa
556,557,194,278,17.0, ABarapaapaa
557,558,182,334,9.0, ABprppaapaa
558,559,214,362,18.0, Earpa
560,561,246,292,22.0, MSaaapaap
561,562,213,291,27.0, MSaaaapaa
562,563,293,373,18.0, Capapap
563,564,295,391,17.0, Capappa
564,565,244,251,21.0, MSapaaap
566,567,221,467,15.0, Caappd
568,569,273,456,10.0, ABplappppp
570,571,214,270,22.0, MSaaaaapap
571,572,212,250,22.0, MSaaaaapaa
572,573,240,327,27.0, ABarppaapa
573,574,261,239,13.0, ABalpppaaaa
574,575,256,228,14.0, ABalpppaapd
575,576,168,261,12.0, ABpraaaaaaa
578,579,225,329,24.0, MSpaaapap
579,580,265,285,27.0, ABarppaaaa
584,585,171,257,20.0, ABpraaapapa
585,586,198,263,21.0, ABaraappaap
589,590,289,394,27.0, Cpaapa
592,593,192,288,23.0, MSpaaaapp
593,594,265,336,24.0, Dappaa
594,595,205,220,24.0, ABarpaaaapa
595,596,199,357,10.0, ABprppapaaa
596,597,227,240,25.0, ABalapapapp
597,598,197,367,24.0, Dpppap
600,601,182,294,17.0, MSppaapp
601,602,242,324,9.0, ABplpaaaapa
602,603,223,349,20.0, Earaa
604,605,215,393,27.0, Caaaap
610,611,205,216,22.0, ABarpaaaaal
613,614,217,424,14.0, ABprpppppap
615,616,246,351,23.0, Ealaa
618,619,210,306,11.0, ABprpapppaa
621,622,200,364,28.0, Caaaaa
622,623,279,274,19.0, ABalppppppaa
627,628,249,238,13.0, ABalppaaapa
628,629,152,269,15.428572, ABprpaapapa
629,630,157,323,19.5, ABpraaapppap
630,631,222,254,14.142857, ABaraaaaaaa
631,632,252,234,19.2, ABalppppapp
632,633,205,272,14.0, ABaraaaaapp
633,634,203,284,14.333333, ABarapapaap
